GlobSig	Background	CER5	CER6_a	CER6_d	CER6_p	CER7ab	CER7b_l	CER7b_m	CER9_d	CER9_m	CER9_v	CERCR1	L_CERCR2_a	L_CERCR2_p	N	R_CERCR2_a	R_CERCR2_p	DMPFC_ar	DMPFcor_ac	L_ANGgyr	L_IPlob	L_IPlob	L_MTgyr_a	L_MTgyr_p	L_SFsul_a	L_VLPFcor	PCcor	PGACcor	POsul	POsul_v	PRC_d	PRC_v	R_ANGgyr	R_MTgyr_a	R_MTgyr_p	R_VLPFcor	SFgyr_ad	VMPFcor_a	VMPFcor_p	COLsul	DMPFcor_p	DVIS_s	DVIS_vl	FP	FUSgyr_dl	FUSgyr_vl	L_DVIS_v	L_FP_l	L_IFsul	L_IPsul	L_MFgyr_a	L_MFgyr_pr	OCCTgyr_l	PRC_d	R_DVIS_v	R_FP_l	R_IFsul	R_IPlob	R_IPsul	R_MFgyr_a	R_MFgyr_p	R_PORB	R_SFsul	AMY	CAUDNH_NACC	CERVM	HIPP	ITgyr	LORBgyr	MORBgyr	PIsul	STgyr_a	TP	L_MOTnet_dl	MOTnet_am	MOTnet_l	MOTnet_m	MOTnet_ml	MOTnet_vl	PCsul_d	R_MOTnet_dl	SPlob	ACcor_d	AINS_ad	AINS_pd	AINS_v	CAUDN	CAUDN_d	CAUDN_v	CNGsul_p	FEF	HSgyr	IMsul	L_MFgyr_pc	PCcor	PINS_d	PINS_v	PSMcor_a	PSMcor_p	PUT_a	PUT_p	R_PCsul	SMgyr	SPlob	STgyr_m	STgyr_p	THAL_d	THAL_v	l_PCsul	LVISnet_DP	LVISnet_p	LVISnet_vp	MDVISnet_a	MDVISnet_p	MVISnet_ad	MVISnet_av	MVISnet_p	POsul_d	PVISnet_dm	PVISnet_l	PVISnet_vm	VVISnet_l	VVISnet_m
0.6211443995706376	0.6344933189848876	0.6581220919269599	0.7540286883305419	2.8426860906976334	1.0626492649316788	0.0	10.878680229187012	2.952197387607561	2.3895650520150005	60.240501403808594	0.8170325398768241	1.0253535062656738	0.3591822840944799	1.3251666062450045	3.1447658363437974	3.4610967099587753	0.6723114821141573	1.6961232533722068	2.187895075590522	-2.4234109983064127	-1.0187410188434773	0.6635482348359496	0.42044797348742835	0.23194249393739577	1.2771383412787836	4.7954151950500625	1.32864657642835	3.7204126905901043	1.2009580273319174	1.066768315911293	2.687352387143205	-0.9835503249231613	1.6910856973696897	0.47318106762417333	1.6825806963935965	0.7960379391879542	2.055510655126494	1.0841968584495285	2.3219230521100624	-0.8800098716448514	-0.4248971435902775	2.671436599836561	-0.761699909776575	0.27742272488055353	1.3138163919664092	0.2742739340006295	-0.7003347357247203	-2.8698343620974915	-2.7480841979871844	-0.3729584635894375	-2.3758337986138134	0.4995347905676619	2.4843220354014677	2.287835515170085	-0.9455361788161099	0.8472404083321717	0.928817432008659	-0.6689935352050644	0.06651004759482289	1.067104912866481	1.5624249573859454	1.1746839881799687	1.961581198892551	2.1995626207735897	1.081069621955976	1.620785456063911	0.028015938296689965	-0.7413859457542503	-0.8358930846776748	2.818580836951229	1.351472701783761	0.7953521726145114	1.446067513402449	-0.8023907751554534	-0.7425370176350421	0.02942996479722918	-0.6671089369140691	-1.092737742026939	-0.3525732023332225	-0.2671572163554968	-0.07498643913668049	0.9914743200870891	0.4509036837685636	-0.8503040158777201	2.196681366763382	-0.5884617817916459	-0.08233758651397445	0.3087656785876064	-0.8220015671253205	-0.3008846852858618	-0.7401413669491687	1.162610900042054	-0.700837754347749	1.5295233885530664	0.08485464430996217	1.9270598736600342	0.48906973919971086	0.24945479798227993	2.6026510467066166	0.42099889994757933	-1.390441619023517	-0.5258500229886098	-0.45736702658451983	-0.49797701031483455	0.7730259210955649	1.6383099380614503	3.2420505023747683	-1.7685276513662318	0.6642216296416323	1.4792209954541777	1.5331989037983407	2.9892324807343784	0.8448326854603523	0.4553119147568941	2.5639050779057047	-1.1819902370131552	3.4415318465576723	0.44440228807636434	0.5470101546961814	1.013203558349899	1.372364497797975	0.5947026254476181	0.0
1.1045117966660472	0.8530196820988375	1.073708054987336	0.47237723678244614	4.225349642774784	4.800103987966265	0.0	2.9176095724105835	3.9644189692205853	5.598794641615502	85.46387481689453	3.32335220861842	1.9909323753789068	2.9297084552506636	6.188717676146987	3.0923926441156	5.138035176844193	0.9356511734764684	2.336338178041842	2.388715881716322	-3.5378315910912943	-1.945227215470618	1.0295264495457594	-0.16051672082958798	-0.526236023792419	1.6573401642242451	5.264097059380125	0.9115851314286886	5.107134387817945	2.480026903472565	2.720388821542263	4.269425511926035	-0.49437068991193717	1.812956029390718	0.6587097846719041	2.1428130150717846	0.6058809831665712	3.226745087693891	0.5680648089283042	2.7881763636753076	-1.121359517877428	-0.15423528007839038	2.024175767149097	-0.949996183858202	0.014578287225173141	1.4088853451451568	1.1136117749294991	-0.3703527212852523	-3.1610573771662316	-3.751708943031241	-0.39319220344312705	-3.5956942641900644	1.0456248617161616	3.504433169072827	3.0010217646456727	-1.3905079937912523	0.7440156260166656	1.021190861295723	-1.6975864825003288	-0.04060647374131535	0.6746582825585329	2.4256304222636107	2.065479432861588	3.6263688015764886	3.286161621268705	1.9374730477575213	1.6182770509118398	0.3972323513386918	-0.9112845608856378	-0.5957045389753705	2.169461722800357	1.3529990423822003	1.2942672381474214	2.418881539973097	0.6666622691684299	-0.48680433459662936	0.07246196977984236	0.6505717677143166	-1.0576117114788468	0.1659931549119213	0.17042135805183767	0.20379746040283156	1.4786815187603077	2.0798930900628	-1.1337751283056356	1.2928708896876495	-0.6445035830997735	-0.3148474876176227	0.8058856336747185	-0.8768694160804152	-0.3177316431117161	-0.8082014319384698	2.213933193769853	-2.0283077846454307	1.278628100617593	0.3717858969583176	2.0772855470531453	0.8154345985617993	0.5979557975348252	2.9374003503904786	1.2110976615891458	-1.9198574400865114	-0.7663240111834618	-0.3743704325443017	-0.3581843346485804	1.6770553004801134	1.2072112837717646	2.7422305482113734	-1.9370852914349785	1.107635440638121	2.6892441646145877	3.197782983743729	4.467828170689461	2.6651967741485874	0.7437752548558637	2.5799369717389347	-1.7368276791408832	4.836117403547351	0.8694106692931166	1.7992260924674515	2.6565700216814574	2.7574239869771358	1.5197112609233174	0.0
1.1420646065357114	0.34014073624549546	0.3982465256386521	0.2418572028929537	0.7440972168077814	1.1881550805909293	0.0	-12.574486017227173	1.054688696646028	0.8464312126924252	-34.41610336303711	2.059265645467011	1.412764695979422	2.7999658562069714	6.296328711139067	0.3891617061502962	3.281165311122855	1.172939605716212	2.784000499686954	2.0848851813417344	-3.199151557208835	-2.3164031790802255	0.745757088687214	-0.6065086532863929	-0.6636527527509064	2.16513848558051	2.8439452791655504	0.9560803657986428	4.505148872440116	1.955964591547295	3.260894701421261	3.7785949697600136	0.5789488752683004	0.800607916819764	0.37388947108848414	1.974988525453112	0.3354837613442214	3.293622077888121	0.31778765523081853	1.8745534561555797	-0.3173698169601142	1.318404447833967	-0.0034426249049860857	-0.9111858622391044	-0.018508550344969975	0.5347204950828908	1.7990796956217896	0.29561736848619247	-1.9486326024413245	-3.3115054469242273	0.64940007694327	-3.702513645683962	0.2634790773784041	2.305154482161762	1.6214057280860765	-1.1683702481165528	0.3066701580431651	0.6167935808235625	-0.876084354980027	0.17694622715747596	0.10727246542896877	2.2549780703947606	2.5844914194239283	2.806519711536908	2.416807774534757	0.7921821752097458	-0.11059114723007914	0.5252480422391103	-0.4929101539568769	-0.07350357845917935	1.083642388769501	0.5383766183523327	1.279542362462529	3.207386607150419	3.818045162965381	0.8669637423930782	0.9184571932621148	2.2041707612313646	0.13031017485786886	1.3631572582359825	1.5588405377724592	0.4029993538798626	1.3081573135953732	4.619538719378093	1.2273461414839735	0.19593649153884884	0.33175404412712123	-0.9503683552145958	0.994756743185601	0.12098698323965072	-0.08066446187581212	0.8039696933275725	2.4384668629991917	-2.6593132401791824	-0.32385030276134236	1.7044198730969584	2.0747048816878664	1.230720233895403	1.5060860421404298	1.2156070920876985	2.0342174266636994	-1.0142039505989997	0.35341847755235806	0.6815559334585056	0.5578802637242037	2.7183998919883523	-0.14335406850136462	1.424025006443262	0.27904642491505066	1.3870742160703333	2.7181995749794026	2.827678569768418	4.340619733452901	3.1784481909307574	0.22325087333098054	1.4556732136507828	-2.154660466928468	3.819217658111682	0.3111020190020402	2.163769427749547	2.158113156584834	3.4634765904493534	1.8117227184985365	0.0
0.7615921119465076	-0.11083228458814762	-0.732009278245635	0.34063572753559457	-4.977080179655806	-9.190044432878494	0.0	-19.405251502990723	-3.411076978469888	-7.9262203802836355	-198.96731567382812	-1.371323501840424	0.03234977917745709	1.132675041942749	2.526758496569195	-2.502116321529969	0.40373239634686675	1.4805495137921894	2.631181749762618	1.6862031605543086	-1.4360323045132817	-1.7357555838331344	0.05090956587188003	-0.48735746400750646	0.27185884386557957	2.349236219440913	-0.19706868987392495	1.5490481701564882	2.386612186124653	-0.34655869741130757	2.1945599451065063	1.9726342248577107	0.8801301306706261	-0.6690256124005672	-0.3719194678533742	1.3147043205831386	0.3690008470584871	2.291984473395607	0.8082113913570841	-0.0885517101251442	1.1713119424306428	2.19125401173833	-1.4648556653134928	-0.5794335339642778	0.09640508568356473	-0.47778410445945807	1.7595166682691898	1.3680457951767104	0.4231335140070934	-1.990341126192013	2.052276133042243	-2.3583021858736637	-1.007292000996862	-0.12784078815914937	-0.5020975664333261	0.16619750629644842	0.3548843427137895	0.08915134040450065	1.0594484692795532	0.6234093998127536	0.2016662902939616	1.795984367033603	2.4378818926112404	0.65353258983112	0.47546013996755476	-1.6167287658317946	-1.702498773026034	0.4899847014412029	0.5005066203461452	0.2986074523253588	0.8712882790289743	-0.47644209101444884	0.674784347193595	3.3746662698002585	5.511956843473609	2.5152954565416468	1.489127786183844	2.579634315175176	1.2222355709838517	2.2354570716330926	2.684110825881362	0.5329840803780586	0.7891637398639605	5.696627033301828	3.605376904417591	-0.4725070893764496	1.6623576524660741	-1.9949161555956711	1.1131090853615837	1.3216549766361714	0.2166948888077795	2.338013486948046	1.3332364603934823	-1.8483712770605245	-1.5433949645326919	2.805437133589294	1.4602637798568914	1.5285056208540948	1.9565553086351102	-1.0072986221070899	2.0476038637879315	0.10767310573258898	1.5753624184694734	1.4815004939474345	1.1286769150320746	2.598299982389129	-1.2303481155119482	0.6028041853010655	2.7952697405013547	0.9711721322887634	1.3154298288407185	0.9587080968149866	2.8129433106266326	2.0858051716081674	-0.47929846513085067	-0.38883572300275165	-2.1415397856698566	2.181227368683769	-0.7377839369043984	1.6812261028610396	0.19711884886388353	2.8537223315661677	1.4876115577561515	0.0
0.34812852776517006	0.3425037357627469	-1.1609629258379939	0.7512528446452185	-7.0414832418269295	-17.185916539281607	0.0	-7.239963054656982	-4.894575866974062	-11.138912069900282	-243.16030883789062	-2.3782595705872933	-0.37023555578198286	0.9036350818459205	-0.6710209093815387	-2.2423157633607644	0.4118591022318002	1.7015473701685042	1.6953859256900614	1.2155957627627585	0.7078129975260168	-0.5874953686528243	-0.5787969315362355	-0.18711193186240366	1.509524005834527	1.6721454917369611	-1.4005969863246988	1.956671648633335	0.25587741905048994	-2.5693655140973903	0.245693727850914	0.07241845017747034	-0.11656305368171271	-1.7044380592142647	-1.3004082953512406	0.3558617440553812	0.9160490835420205	0.7957056119693848	1.4383772492615714	-1.8704324880799719	2.234645807813121	1.098940559176971	-1.0138583681339701	-0.07159721584133961	0.04424058982254466	-0.6814834557360772	1.1925938059654781	2.301428513512725	2.764939395522299	-0.7658650010724108	2.595729419569436	-0.21770578232549487	-1.3574747032089136	-1.5802581520220698	-1.3102317935401442	2.0504918267717587	1.1387872654648328	-0.4169361871230939	2.332645810702268	0.8288244074523049	1.0710733913886947	1.803669658773465	1.6263103229903626	-0.4682433423572847	-0.5918012110235022	-2.7932693221227964	-1.246336439035717	0.5078988287311567	1.428064952976061	0.34482791925480977	1.56831868108664	-1.0141936262732107	-0.04819496862588072	2.603944850780087	3.813206173361294	3.3387150692403096	0.8564426362463812	1.4844832475912773	1.1225153452031287	2.0246028613054614	2.251236010488926	0.8629762691037715	0.36554380867965325	3.7179944215791756	2.681471974504265	-0.5872237761722547	2.3742504209923228	-2.526937818324024	1.3903502660282587	1.7210774165987968	0.5202631662205205	1.8677700752074398	-0.29347015484127886	-0.015828146986597406	-1.0610222084870358	2.3489210291547353	-0.061060537801724726	1.440757705833449	1.2894294187426567	-1.2855674538133277	1.1565746073497505	0.2625920527338327	1.3818185928732978	1.0974091419743166	0.45638349662647293	0.8445718979027517	-0.9403984419336276	0.5985646581649781	2.983704797666648	-0.12256011119668518	-0.6814952523257303	-0.5713405539281666	0.8335037230207891	0.6805843315576597	-0.4735178603976965	-1.6872621102879444	-1.3397976552693953	1.733021294451677	-1.1336014403237238	1.0257755191555726	-1.2951552500337482	1.300622121261602	1.1084694516845048	0.0
0.18465772760543733	1.5817282525767737	-0.5353804959466198	1.1003766694394026	-2.98713689154767	-14.327369979449681	0.0	14.710004806518555	-1.6189499522248905	-4.692387470911289	-117.41085815429688	0.9620832903101584	0.8500417381990701	2.64566468196274	-0.4893576779265694	1.2946527395173009	3.5348014698693992	1.5232127268433935	0.2084000573377125	0.43906648247330277	2.095343193066293	0.27151053507255496	-0.8443770935947346	-0.3955863576495286	1.8069148629968022	0.15522929545796127	-0.5318635511177557	1.4422475933054841	-0.8931387298729982	-3.128018918633461	-1.291613417509012	-1.4777017345628407	-1.5161191011059352	-1.948916615432802	-2.035566212291766	-0.7943226629488878	1.7115166322910227	-0.6122882780821427	1.1081743826986188	-2.405361000675964	1.9836734157596898	-1.307740150478439	0.9044942658743248	0.30039175496857123	-0.35355714043232717	-0.0606051923500167	0.9870953171031048	2.321521843428768	3.903360385492987	-0.088288662252321	1.6558900550940505	1.6455191468139962	-0.43535484077073566	-1.088707727460277	-0.1615503110871133	3.218633790053427	1.982668587980284	-0.9368929678568017	1.8709916101001642	0.3809798478880185	2.15246622941355	2.107274345389181	0.532699915698205	0.2996290274775643	-0.02299770112517926	-1.113956532906741	0.8328513534729962	0.6285140797241274	1.5162396675182714	0.31579485337459173	1.8151631469561442	-1.0550766546029606	-0.3990855173019446	1.0801732534491415	0.4369122359960798	2.956252759894227	-0.3716105709270555	0.019317406936059312	0.08997347547070068	0.9661459660617829	0.37561871944104924	1.5389656352402628	0.2252237157373832	-0.41362065070667503	-1.7042855061590672	-0.49978307516218345	2.1770039633965026	-1.624990132992918	1.7453262917066024	1.2268872859477997	1.095970394387734	-0.3798205728710788	-1.0549628388242511	1.8441242335644443	0.3662039343925083	0.47166121238842607	-1.898256982274127	0.9565757285980951	0.08434084030007248	0.8272788003087044	0.13239054257238367	-0.3513721996242856	-0.3157618324952627	-0.12022661982815047	-1.0255113594442735	-1.3845193478860345	0.3309249570327146	0.4558755300939083	0.5385113068310351	-1.1275169329973758	-2.0471815686035773	-0.7936114052740427	-0.8023016500332347	0.18559200597011438	0.3634027315513231	-1.4898271893461545	0.15256259386795898	1.9712292223595655	-0.3573494243470055	0.5082475438883359	-1.3125399027080067	-0.32982699504097945	0.7787198640938316	0.0
0.1619384924971006	2.565334968750968	0.44297546515619	1.0730889484015378	3.3596583784538065	-2.0140832364559174	0.0	25.638447284698486	3.438477545924899	5.420475510173831	66.91030883789062	5.558369813196192	2.5022692535072566	3.6225504322453985	1.629862954811699	4.619913649938142	5.891455883830392	0.8269415441118962	-1.3466030536728795	-0.6575591596740263	2.3202681692074174	0.3875808962793262	-0.7644508395144958	-1.1510019397005589	0.8154551595481562	-1.5301130982087032	0.27291417453024125	0.06675642820239339	-1.4630425888207856	-2.16663698554039	-1.6946444540694356	-3.1001449152355707	-2.0715837619182738	-1.6529362664974117	-2.2385580976105937	-1.9800895886807555	2.061410292972141	-1.751800786865794	-0.4519469106569886	-1.6597805395153642	0.6529532917815014	-3.0545014747674912	2.7251961807825884	0.2899949222740242	-0.9140889236435352	0.4981524965283696	1.767890619390281	1.3674127797093538	3.458883320234022	0.4852616880698321	-0.24822359368727917	2.6683898448337993	0.7166724852244777	0.16194973718251612	1.7160929842861463	2.8802822564169763	1.9485913798721	-1.302885000615619	0.3072761468424955	-0.6723071346528228	2.8816478170965816	1.7980587877412668	-0.41079709344896775	1.4963006786841975	0.97235324027531	2.1670182871821453	2.0640439124768264	0.6906006328130713	0.6479186781592705	0.486336076504957	0.34282792711982857	-1.1897539494573035	-0.40904428136631277	-0.6415505405481255	-1.1824966874860583	1.8197524525630888	-0.702895661144435	-0.6421082208665103	-0.6796636073422783	-0.1525987130823513	-1.542448564469084	2.2076062117049022	0.28016022998819906	-3.9358558340527203	-6.086297559472521	-0.8243871129979597	1.6160483167861863	0.4621188353408467	1.94668380347854	0.48610253167152406	2.0807660916291435	-2.1911988119004158	-0.6228613126926721	3.0628321881579086	0.6578157474012936	-1.3603582321229624	-3.042538413551645	0.4359080734502374	-0.4913361298281755	2.9747423464648945	-0.18368588868230062	-0.5174798881123354	-2.163739701650153	-1.1967450532126398	-2.1100918688329644	-2.424542051621936	0.9513339713215828	-0.6556411090493203	-2.294996849335088	-1.197479311615158	-2.1230595592729826	-0.5150725381502596	-1.8901511091296073	0.4114093157419367	1.2219623704557308	-0.07552340507507324	1.6526035443814688	0.8920372244966431	0.8804607994043855	-0.15105712010214725	-0.4999279045021003	-1.4359599441144761	0.09904157132176417	0.0
-0.01252774624948248	2.448982917177765	0.9610626051606207	0.8067015282809734	6.117417020842116	9.662051945924759	0.0	14.878087043762207	5.6871933616283865	10.159376513550122	166.263671875	6.904738971048358	3.04308366458863	1.3998044112177437	2.4527656465466254	4.421278747898269	4.062846725072377	-0.09086414616737333	-2.4761010651309334	-1.718865462558137	1.6917317557162133	0.0575427462854398	-0.5371058785594521	-1.7267987694722986	-0.5480238002628601	-2.666544984447288	-1.1321405481685092	-1.3539749811938468	-2.4959617862373253	-0.8438007728645095	-1.289668215751648	-5.018672049988674	-1.4715124876097296	-1.1954591229082423	-1.6995257326089996	-2.8198385610923644	1.410972838923044	-2.749935466391237	-2.175686101201508	-0.5060825241189307	-0.5594953061041669	-2.893360134916029	3.3232359287186797	0.01221933655189311	-1.2288208580956386	0.2397205066123996	3.0017167173199732	0.3613897345605351	1.9030547853020068	1.5786287085475208	-1.8934309888652892	3.0815525948409994	0.9120426089320258	0.4599942072288485	2.729053633466288	1.4416137963533402	0.8845829370071773	-1.0643262398890234	-0.7155484615873052	-1.7586679686135893	3.1523909434018766	0.37166391334655446	-1.0381561263796242	1.2853418311803337	0.7496031687306843	3.9306976445950568	0.6566072139609123	0.5406495683429318	-0.44781383188944685	0.7274367437710255	-2.463395050500293	-1.8237659400808521	-0.5026976886965713	-2.1223181219207583	-0.002014677291588178	0.5303884907952674	0.3184921904435369	-0.49656536412066227	-0.4562336704923826	-0.9129521421023777	-2.348477900448237	2.1817745943207387	0.3948402674523769	-4.613724303283232	-6.8217032107508695	-1.8705803912098162	1.2045894231406047	2.3323850431225517	1.8127544365696988	-0.08950593239068985	2.97280734373788	-1.7784009082015695	-0.19665757095012862	3.383632986163473	-1.1941687454852987	-1.8644651439622977	-3.0493765105885045	0.2812101801331991	-0.026075828820466995	2.5522305781541523	0.3715873009781597	0.43339573518260494	-2.8395290423280026	-1.7322167507530266	-2.173318905858644	-1.796822828512875	-0.07935914748481342	-2.226736343577504	-3.2375318768723256	-0.2726402727542754	-1.2073725237441	-1.0128053536811001	-2.603585347350869	0.21442204838385806	1.2689878617972135	1.3579016565779845	2.4086950102842652	-2.223635845127014	1.4262454494558	-1.1061678859105362	0.026754591897387353	-1.8799726615671988	-0.9455403529506708	0.0
-0.39397334385313815	1.5306997992153115	0.9029302993558113	0.7050943453203548	3.5829577097233307	11.952780170100075	0.0	-6.957165479660034	3.6630929768499403	7.178048813587119	149.7267303466797	4.051825763589266	2.2795564935309813	-2.8754149639199293	0.8843330095621383	1.0161006100565555	-1.0282833232450737	-0.7078237547636865	-2.788732794117095	-2.3810811009671955	0.7312948785830236	-0.20012351097884	-0.3561051713386266	-1.5287520945674242	-1.1286838747175603	-3.0237012603795934	-4.405675527067096	-2.0143711728561886	-4.132509796639507	0.2807527690573975	-0.9039449351429939	-6.346093758610608	-0.3813694304589069	-0.7225363212389911	-0.47492552038817765	-2.812078451712477	0.036444732220843434	-3.557236282802794	-2.6586763938966516	0.15170758012113453	-0.6364230065901055	-1.4196595659722453	2.7680655030597903	-0.09059490105294414	-1.0209536642952304	-0.6491465899250188	3.3259114189294436	0.2417094103164143	0.0838934338240609	2.985985164939661	-2.3357030818162605	3.3099918106482145	0.0955847632969977	-0.43700055250071534	2.469401059088984	-0.0004165996238589287	-0.30123903873291885	0.003537262848692875	-0.219659606268739	-2.1492273164475524	3.1137369373208044	-1.4690055519047125	-1.3607225126918705	-0.3180541736567473	-0.8238951586481693	2.4147209820803255	-2.428517103504023	0.21573435726602846	-0.8541434813911716	0.6673669098652817	-4.579410510490069	-2.5592640336353343	-0.8671681981603895	-3.1905137999068707	1.396340482883037	-0.6179523484984247	1.4378724793149602	-0.39490954479265766	0.33226564808803444	-1.454293548169053	-2.170722690278518	1.1207509192922884	0.5028157358762448	-2.5772077158557303	-3.660325618227944	-3.0045856889163223	0.6512979148960799	2.680664307302372	1.08787567635714	-0.6932011899873615	2.899024144467235	0.36899246492213	-1.05659822179173	2.553219718017937	-3.8653881598670945	-1.088960286276415	-2.258262554113971	0.50935121369804	0.765632347815406	-0.24666654387878817	1.2825067613131078	1.6967331966856023	-2.255832138153752	-2.080077179316161	-1.6116128223338004	-0.49531032238155603	-1.8336453271763666	-2.9964176851511	-2.248977777805051	0.8420722521620834	-0.1561723782290374	-2.2775865452937207	-3.0878505890186014	-0.9749381085321055	0.6114289261214435	1.8416908822456997	2.2916799839152846	-5.621097781517758	0.9708618646987749	-1.8889080496314405	-0.026026883215640166	-1.7165162297443475	-1.6010793317641532	0.0
-0.7012447750815455	0.9127287376014626	0.6022652194581248	0.8507701930674639	-0.6532734553230569	5.278744533658028	0.0	-19.87440586090088	0.2111971512850788	1.824350417174142	101.21337890625	0.11385029002796022	1.259503176243743	-5.651966656393069	-1.2962814175386719	-2.430829262484359	-5.409746309213843	-0.7055824838735006	-2.0739880619257747	-2.642616453021765	-0.05242835406375968	-0.23592892028982676	-0.32036017091368957	-0.821420324086729	-0.7107016259659853	-2.7078090647679547	-6.761763818589626	-1.760487050323331	-5.119463122041708	1.600982115942019	-1.017022006571293	-5.5432998130121565	0.5018507901184035	-0.225826441092377	1.0068466898469581	-1.7183753628098317	-0.9182889732055628	-3.649190003376292	-1.5795084822715983	0.09498803475374029	0.3436885916221982	-0.2552095263710488	1.7661039459340164	0.33481322529132357	-0.4077289535914066	-1.3622918963394683	1.96632231039516	0.8186246469646455	-1.2197559854913096	3.6184132757518337	-1.5945319289352462	3.29541737479823	-0.8109788801489157	-1.3567063781673347	1.6456900031559847	-0.7058942629024386	-0.5222257494672455	1.3777812123654465	1.1127558188403355	-1.528316391094419	2.7466725796168925	-2.3291577437847124	-1.268705953512041	-1.6072350586991342	-2.292154009206046	-0.7695283581269905	-4.410632676565585	-0.11123857769102662	-0.29530786487716015	0.2685493962841297	-4.025228483250013	-2.5463602756041452	-1.1359979196599201	-3.614733627903352	0.09086662625509595	-1.4632606227564657	1.1910078659983112	-0.7284594655857753	0.781922636856051	-1.8587831086317315	-1.8389791128791722	-0.4790432952529143	0.5234284692655795	0.06850102259723129	0.2888041313695298	-2.7739526413589997	-0.7340529106503768	1.40700193724849	-0.654676303520041	-1.460277882091701	1.5664746471135864	2.165573723565946	-2.882631892978529	0.4862267988181747	-5.038887895956761	-0.08058849498047493	-1.186521141885597	0.7744536775440632	1.0288222328440022	-2.6048675217600756	1.8577065072557808	1.7771089709067083	-1.3401558955860227	-2.507870027732446	-1.0666010476134975	0.26358021200665144	-2.3829589727733818	-2.5559075001627205	-1.1047604910001672	1.2835616523497053	0.34211271489539774	-3.0034055314026773	-3.30085740247546	-2.4441858137215853	0.20309541556052862	1.3791594388584296	1.9141465467942316	-6.914779864982344	0.3236406343402686	-1.933910680985939	-0.22524484149877902	-1.072679978976776	-1.2206602798508746	0.0
-0.6557181910817786	1.2381639183772837	0.1516335109945621	0.7937880916622552	-2.45080162883003	-2.786128520965576	0.0	-15.54663610458374	-0.917520852966441	-0.546223311588682	99.25547790527344	-1.7281302250016537	0.742706442688359	-4.9995194790495	-2.082208386721647	-3.5780042114342194	-6.492830563435163	-0.2104738256275341	-0.4894105770799797	-2.7630166477627225	-0.06527312353685283	-0.15763612012206404	-0.4097892415766668	-0.3370212262279984	-0.02311013303697109	-1.7236740266494799	-5.700170922996821	-1.0272248139050095	-4.0904787823222994	3.314205921303343	-1.4937409952804446	-1.9988529024692843	1.035940798027723	0.23860339428040575	2.09001601623699	0.1401311788556263	-0.369915604702328	-2.391436803114155	0.041989375982019635	-0.2236060279115807	1.5007970967035518	-0.4318161442997339	0.7714606029866952	1.1476846314055005	0.15497053947239925	-1.4542866137173882	-0.3039234462075756	0.9536452793723179	-1.5102734356922538	2.622918290425545	-0.5057767288969035	2.587018607720171	-1.1199812707543098	-1.4913253779245528	0.8547884152656553	-0.705915882056579	0.36652835221453145	2.0364213026472155	1.6127190753160154	-0.29100971297679734	1.8832990375637007	-1.4810566272495724	-0.5246411362427404	-1.3644853071189542	-2.326497976487275	-2.197192563675344	-3.5614956836867595	-0.3103547912977174	0.6905359500511126	0.02970448849386318	-0.6914717932609288	-1.4823249488301742	-0.8166080274233449	-2.992458472113817	-3.345422990324478	-1.7460902004991428	-0.3290653071131836	-0.9154122903374797	0.5673762081026593	-1.7909426040170735	-1.6596796145918322	-1.614845468608801	0.31582267747984993	1.307231335795633	1.8467852152905173	-0.1883946005429063	-2.8503084463074053	-0.5054741299287839	-3.53006622826649	-1.8607497860044242	-0.20701562615395966	2.123804572776596	-3.946607946762358	-2.0245271836432206	-3.754705790054648	0.2983334159711376	-0.16229267333956243	0.8419997817000899	0.7886146184112599	-2.3806800272229105	1.6438596295987868	0.13199572494396797	-0.947498539228286	-2.667340714916371	-0.7141245659280183	0.1598677302409016	-0.9751522087270306	-1.8208772185444833	-1.1095469218132825	0.9080719976549112	0.20233387183598292	-2.2542853008310955	-3.131861862733022	-3.065089832783787	0.7416574264084921	0.6052785587807497	1.9649190792034186	-5.634750920998362	0.3354453745436061	-1.4019142445670723	-0.34590309319889495	-0.3288612422388192	-0.29519188542451175	0.0
-0.32655173053763575	1.941583583465613	-0.6164938449807518	0.09662321349436587	-1.6646789908409119	-5.711617439985275	0.0	-3.8670530319213867	0.9267221092660394	-0.49795241808069163	128.4337921142578	-1.4835722170466064	0.3539699267072137	-2.4049076624647823	-1.4828763078415983	-2.9218760596879996	-5.164543124211449	0.3618851214373758	1.2894373376620933	-2.864842126490893	1.154721586762563	0.12273854331640655	-0.49742285853237594	-0.31365363741048957	0.25138270145539066	-0.053757874520016895	-1.6834429107330464	-0.32191329132369223	-1.2843384453085032	4.55355571673976	-1.9629054897241294	2.863941608822044	1.3154833816683316	0.5556819218389214	2.306784879376256	1.998426203013343	1.55253346165955	0.14267871404350127	0.988064897308747	-0.2105841835150282	2.2079683028989368	-1.6458254469612585	-0.1799890993018474	1.7729462325447218	0.22702745896137178	-1.2511822685524068	-1.8764925644539643	0.012444900067907477	-0.7240102649911454	0.463749654168942	0.07110280516334096	1.0622870513193665	-1.0448363889212124	-1.4077844428799011	-0.06674435019794137	-0.367479666150175	1.4402600089193915	1.4001237151519113	0.30804651488056956	0.761532845838158	0.6320250869235572	0.37322577097305526	0.8439166904052441	-0.2831198630833139	-1.0802653772796658	-0.3004788890830241	-0.8540047272808193	-0.3645407540311784	1.3329105918305089	0.4428952997509341	3.341980870712448	-0.10386200930470273	0.05744045478370806	-1.3125655784724501	-5.256183156891475	-1.3626655370624055	-1.684190455697426	-0.33719555948371605	0.11038328127387692	-1.0072178957142426	-1.188606753224032	-1.6866426113146273	-0.1720948864030775	0.857524234634835	0.6505179591476917	3.83672557033111	-4.357674276871647	-1.9396769599481063	-6.562034289336811	-1.1939157395362854	-1.1744917605249399	0.542386057491346	-3.046591382314877	-3.3422666909420387	-1.1014075246913468	0.019935691705904902	0.34624881081491987	0.879121537119041	0.7257438496644817	-0.5493955463171005	0.5857338739967928	-2.1001767177674613	-1.1831735455759893	-2.079933580268143	-0.5108491849539609	-0.42815750822022625	1.0755122384211668	-1.734333474524319	-1.7737283591309498	0.23309924619457734	-0.1433499156227035	-0.656369859406438	-2.564963015356472	-2.574171785573412	1.7591761598922313	-0.06495246549447377	2.409052218570439	-3.458194578966269	0.7818522340859528	-1.052274642741505	-0.6345822444781359	-0.07685452839964396	-0.09403760811047894	0.0
-0.049853859587294685	1.8771159458220663	-1.493772308465901	-0.9760519650713964	-1.289402188138759	-3.0935772146497453	0.0	0.8927412033081055	2.9921327947328487	-1.7377067156906785	117.6301040649414	-1.2098200339785947	-0.5866629338357597	-0.39809702932401453	-0.7845531520977389	-2.1730521552500326	-3.5948937825523513	0.6573856087935555	2.290203086085967	-2.7878824108521694	3.2434006099035773	0.808794933288092	-0.43044005338998353	-0.2580582405807394	0.16930726919451664	1.7868146142055894	2.120767752660645	0.11485013979739059	1.3023741734371093	4.135297086779718	-2.19396437561512	6.286614567772308	1.2382585611194372	0.7031006012904517	1.728306858000933	3.1095982815362344	3.3574147019462544	2.7633324339176	1.0488059165991015	0.390080856856044	2.5775456186543164	-2.7983394669827777	-1.0151287686685329	1.726104255290191	-0.21896693600406905	-1.2453502171268367	-1.9858749172397716	-1.162372760622511	0.6504527708507983	-1.3395408168478617	-0.025304304207103293	-0.6427405331697729	-1.0773823303411219	-1.9788170172185298	-1.403122424082172	0.09111040142830461	1.6966901639270047	-0.040150326603955504	-2.0701476414414013	1.1195132415991702	-0.47095440197162103	1.7513796049226984	2.2409070106330273	0.0333968284606592	0.29308937565028237	2.821312717802357	1.2703283376644312	-0.2920963658677816	1.324320782829697	1.3123095018659936	5.316433355036016	0.49532214097653243	0.8675502811538536	0.49501014480350214	-3.228048433860143	-0.7301507551628764	-1.9258144134148754	0.5975948356849662	-0.13093083179610618	0.016689493763170648	-0.14476617911428796	-1.0351809615438634	-0.7326183705023988	-0.05493919301328724	-1.128326819235967	6.596643712476035	-3.7796456337296704	-2.284100995280526	-7.728950913679802	0.337691358089447	-0.920771445338252	-1.2902614197224556	-0.8938119112097632	-2.3672828434315405	1.290031556447013	-0.4779052874888293	-0.40209966306095923	1.1207141318518818	1.0980166188204912	0.20387404611290888	-0.907792015150449	-3.082289852447562	-1.5977968004233432	-0.8502093522678971	-0.7044217250470457	-1.2401238012481743	1.8564305470990283	-1.9443859726190567	-1.790347776227984	-0.22479392161760567	-0.14792220767146796	0.37808408020422435	-1.7090279359266267	-1.7179418004733527	1.981481280941516	-0.7464651743570964	2.4666050220623092	-2.1037980978935957	0.6323842053060178	-1.1994981665206566	-1.1126338964863587	-0.553459749408913	-1.113623187770801	0.0
-0.025004967080588913	0.6180940998964669	-1.7057233886415517	-1.5417211127416655	-2.9387333576983594	1.3554146492055483	0.0	-3.2219715118408203	2.4718464888218374	-4.5919870364254916	40.57809829711914	-1.6670606541124229	-1.8627640081365826	0.555646280173299	-0.4077593659802439	-1.6866838645683713	-2.2828756180547534	0.6060387511294778	1.8859764898807043	-2.344396636552281	4.72848832330572	1.6225979993583033	-0.1586888507497319	0.268827045881989	0.19510622605167585	2.6890108014511713	2.923286051551501	0.25175820940986593	1.7165855001762844	2.04578330349867	-2.043469061523676	6.289068622868272	0.732455255294388	0.7467970686934967	0.8904878436337933	3.172572638571886	3.42420165277872	3.837486354239366	0.9872439745917089	1.3658331756174338	2.853761788139231	-2.9749157257189136	-1.4184491906883976	1.0919080048234384	-0.7076303545487066	-1.3360703887060434	-1.4318951077885547	-1.1035979125530473	1.763043056551352	-1.667648541279764	-0.22680418428621793	-1.5600606396143872	-1.0749715593479134	-2.8148293223306045	-2.7278857974316737	0.5529804475978017	1.032409325665371	-1.1827806342034244	-3.798942351604209	1.0008869778189884	-0.9406184555469629	1.7532985560232546	2.786593061411518	-0.8917213651461041	1.0763106974337597	3.602732704486698	1.4706343554848216	-0.09350504083955019	0.9835665668948845	1.814039953524813	3.928672178453338	0.04866539463215963	1.0350995423830769	1.0772429201581062	0.8433372849036777	-0.5364480149922984	-1.6152708622164467	0.775034168490477	-0.20180404854171416	0.40453839355191523	0.93852875796238	-0.5121776410801844	-0.9715986269816914	-0.24904646397593652	-1.3861722073263743	5.752250342864857	-1.1021533820697729	-1.4123104487630453	-5.429882545087297	1.4700822504647075	-0.2651509044085353	-2.494452825186649	0.7068059992151051	0.10931142051992691	2.8864822545472313	-0.9378234482253902	-2.566200184313772	1.3409612572209522	1.3049127339427151	-1.0532840001721715	-2.066125808322627	-1.99711005917781	-1.6961949316137082	0.4094002331080644	-1.5194101134764737	-2.215293698704762	0.9633272902452431	-1.2701320396363736	-0.7970601262203578	-0.35697824710906123	0.4540379940862617	0.3829725524589706	-0.7083616306731751	-1.1896706301229611	0.6937523390725255	-1.5781782280653716	1.5247526234746802	-1.6106614947892153	-0.5371215971945612	-1.161201116692444	-1.1326345223254761	-1.1492576858288814	-2.2429981213063	0.0
-0.09104574044514706	-1.032191091491019	-0.7168993902607605	-1.0017558256604455	-4.64709822936578	4.5413995214871	0.0	-5.557779520750046	-0.4702860481209225	-5.16002671883024	-48.71971130371094	-1.4371078094678968	-2.5206293317954986	1.8627464859638103	0.5023789275567601	-0.4309774434351059	-0.24028185720028228	0.4010225964801295	0.3791186335729435	-1.545773215757476	4.013293104651182	1.6965336739307357	0.21537363329433076	0.943459567999599	0.4763782167614534	1.9038289937510764	1.054855935137581	0.13030723636930294	0.0008009875590881605	-0.2454998947955944	-1.2751021315455437	3.3147134397508977	0.23530417734361958	0.6742993077223606	0.34954795288596535	2.4199203033762986	1.5408347189222695	2.6604203766049896	1.4697653450227033	2.181692860849941	2.6608223487806115	-2.0071472871130793	-1.2186297246534836	0.4427492396615226	-0.639470959633067	-0.952268371960581	-1.50985205489195	0.470242468093241	1.9752355044715197	-0.9170785902120243	0.12956738431682016	-1.2348569084017995	-0.40309037820148863	-2.5015385156460352	-3.1707786373327242	0.7756073526572436	0.13702880684286356	-1.4043371309758321	-3.871769806041437	1.0594764707997542	-0.9184530336306762	0.7234114255392696	2.0401643693190197	-1.8628977746582647	1.5055703117693071	0.9598580033925828	0.6193075918935124	0.17325805668305863	0.8356708985108957	1.3292962499311611	0.3741914495020299	-0.5302285049988821	0.5904305111571375	0.04529567975380005	2.7112515677535343	-0.9599556722632139	-1.7649208268366094	-0.2367485547438264	-0.3862255347432459	-0.07543986705743122	1.2845796736724235	-0.5603207891714598	-0.6170660802926967	0.2992057652368504	-0.020228939480148256	1.7192135850820587	1.9534696584982838	0.3875748662024059	-0.29230063193935457	1.1077736505866052	-0.29027101199977334	-2.926079775916594	0.8802873290574674	1.924256818484416	4.087760128926079	-1.370641949857236	-4.740696447474934	0.9396510024336695	0.7068669869939783	-2.366516031844671	-2.2605299414865647	0.19354504895406766	-1.1824640320379267	1.241553559737361	-2.328447568347549	-2.8409175839441274	-0.21192317128713642	0.5986625926196575	0.295562283026761	-0.26251104634731864	1.4471788545569746	0.3216271805218779	0.32735675844279205	-0.755586069026741	-1.3091300911456347	-2.1776222861309846	0.043159434745131536	-0.9181795632266081	-1.7325353022940733	-0.10360553973551953	-0.06830703823823436	-0.8409172427272061	-1.8862124824497317	0.0
0.04045101097929538	-1.879147956073832	0.8905103864515416	0.23815106702121822	-3.596704093858283	5.668470552989414	0.0	2.338781476020813	-3.190150316675297	-1.2224895965051035	-79.82685089111328	0.548192909068656	-2.1850672330707313	3.955068421777511	2.317535730192277	1.7766512524987381	2.470553176842196	0.325652390796613	-1.0938619897642639	-0.45764182078376137	1.0020706289974244	0.4711539590603145	0.5394589388396464	1.0601324128231617	0.715864951863628	0.08801956583195057	-0.5519913480513625	-0.08506912662432527	-1.808411853424577	-1.1549539583976622	0.24524687027931213	-0.16600742587183095	0.4819059325664332	0.37053341424449326	0.3014215227354382	1.3904337256944557	-0.8237611500544517	0.23568996325459168	2.2945600900799037	2.2759118487041814	1.2705458698109684	-0.46125783298866474	-0.7471310197985892	0.2441178147645691	0.12528180148351054	0.08789893168241086	-2.458084035854218	2.0644339815609984	1.3425754152473084	-0.5367129932932346	1.1289992957806203	-0.10897151475387906	1.0073511824393628	-0.5104831849897145	-2.4997989260074167	0.5512936956807971	-0.44901105705304706	-1.0642578457652334	-2.8915027273709284	1.6244748307754528	-1.0642352029342068	-0.3583149256457279	0.44869025621092185	-1.4920754538993097	1.9441122661391608	-2.408196566364495	0.5116815581686138	0.3206278064374665	1.0700886532219804	0.13028424600393632	-2.5867302306499838	-0.09999144135999768	0.04426312228895854	-1.367197322052553	0.5305358743856824	-1.331516528041056	-2.2479819473968883	-1.5061742026611404	-0.6495964064295677	-0.6078502663220621	0.8882273041150149	-0.8300266698125965	0.22621776863794635	0.8060644097872629	1.5245370097797026	-2.2700038674835845	3.4389903491778337	2.2041715017773886	4.658438539542889	-0.3891177971363068	-1.10448785568252	-2.5294063131512345	0.4948929863228662	1.6967402593422252	4.832994808982901	-1.6685800175182521	-4.532111767923164	-0.29533912863705186	-0.3936441476220515	-1.5198069680915323	-1.6539369193960358	1.6657780875390458	0.0012830647419023546	1.6000598854641768	-1.734494560044901	-2.079873072394463	-0.262399793948446	2.4060264858603477	0.597059888675295	0.05720553783064276	2.204548108161137	1.2019989471748256	1.2687771085623678	0.3108878762792733	-2.308871615305543	-1.8865461723009744	-0.6781413233297509	0.34614211895144903	-1.5072159524317141	1.6648114992192748	1.6465120430147795	0.6191242271308581	0.10787819251418114	0.0
0.383350796398717	-1.5891910985769595	1.7243740605678852	1.1048335046524351	-0.03857022523880005	4.577624338013785	0.0	15.473076105117798	-3.624201800193987	3.5317667892266966	-43.85612106323242	2.7905327549160277	-1.691107109328732	4.99346789267174	3.6184613492746416	3.156838908522244	3.836409894427994	0.536801692446811	-1.4132713930023328	1.0283033865055553	-2.4241521200840026	-1.3619823520066876	0.7499137896962663	0.5345465221790352	0.6787281708735652	-0.987304781981666	0.3928529068275734	-0.06271005702689064	-1.7208478999313679	-0.5350084779197695	2.0971334956809877	-1.7831210052665276	1.6195609396831556	-0.15105402215998223	0.5799805329924713	0.6244216528700083	-1.893523506107158	-1.4695514314200566	2.734084573069898	1.4299715603239664	-1.3164942945297966	0.7512906684229771	-0.5353676005922662	0.35579270394794044	1.0395586002040074	1.1412464032946812	-3.283485445399153	1.8852008191484309	0.46742151121831377	-1.437098856736845	2.1955837149238375	0.8890469041135576	2.168677245271716	1.7323183721141113	-1.5545886380955427	0.0710399368382059	-0.9031663969984617	-0.8947517477065646	-2.171461695969543	2.2596337816259204	-1.7901379471862915	-0.9412446483833398	-0.9783926374953369	0.19133977179967912	2.084832418200781	-2.9739588269003434	1.8158782595006142	0.14314204737652989	1.353172635720723	-0.8743074900072708	-2.8600677325849646	1.4433541807020198	-0.21599777266568967	-1.466417208245588	-3.136156981426572	-0.8394433179556733	-1.9062449179437695	-1.7043796393199493	-0.6190872416075538	-0.26717170195664824	0.553121657129012	-0.7195309853596874	1.1146430197768111	0.8108791961164326	2.0784913471434265	-2.932328777753304	2.915005241232596	2.638759804042903	6.166913174976737	-1.454763597138226	-1.7836045265272904	-1.0770786455832422	0.8852619895283181	0.22219777553943934	4.135706802125738	-1.4621253853896632	-0.7762669433369606	-1.6789010888641025	-0.9785930893258817	0.9554692324857379	-1.215322168039536	1.4124982315678518	1.5716987635988637	1.462588452765547	0.9923398086560312	0.516052361421709	0.5893097579656612	2.6361282789008693	0.33529643832609574	0.5741187700757898	2.0369826496199464	2.5646300661297015	1.8540874064177066	1.9991603615741103	-1.3496850067004562	-0.6288071725269159	0.14354798786861953	1.2732122727168294	0.23399416108926138	2.6679624874113044	2.58382100639073	2.0582781285773235	2.0028487100132875	0.0
0.6008308851673841	-1.0054134911145358	0.9500963152288557	0.9102116847072136	2.6411168955742044	0.6809739300182888	0.0	20.674262762069702	-2.338160824444559	3.2703575892695067	3.2134861946105957	2.550556077113451	-2.0709309287369253	3.0822384024775307	2.3656844392201397	1.7939844815486885	2.184428230164543	0.8918376307856369	-0.4027052197725425	2.9923440317588823	-3.9611601077991985	-2.2395956895003715	0.8660121307750979	0.16544405305099608	0.520109916966537	-0.11435692508823178	3.049770812911016	0.4390744622287236	0.22276702514860067	0.26876954316265056	3.28402165839076	-1.187900614582851	2.771981576344732	-0.5815180876748042	0.903719513759001	0.4497127384790198	-1.273199914205179	-1.2462766889644705	2.4252462747196355	0.012234957675442441	-3.872522955075798	1.0045231775097225	-0.6693375302120823	0.18443808350161914	1.3209792389733723	1.3912228506171342	-3.073748776594461	-0.21863700751037823	-0.1377866249079043	-2.950063021705599	2.6302270969452217	1.0823327298724232	1.9619872295455394	2.230776680078333	-1.360319835745325	-0.17567349371267482	-1.6464612780519845	-1.0623980227268404	-2.0645385085440733	2.1505831099496593	-2.7239475691148423	-1.2392979610098027	-1.4863092354124134	1.8154471044143112	1.348927330842121	-0.40083347633481026	3.420823973634309	-0.3503631497923666	1.120496565984054	-1.0532913045046877	-0.7155569202795222	2.9795369467242776	-0.2570412405405564	-0.015727842482951802	-4.294262096522346	0.4304258584754892	-0.2447167405871307	-0.6060754258532898	-0.11067355050321888	0.7644762389108352	0.8318822347769039	-0.1490881913457035	1.5546904783868403	0.6716509863755988	1.8198149167847903	-0.02357469986532336	1.5657351705613765	0.8389402522282167	3.5209499774342876	-0.9660512708425522	-1.5300155971575025	1.186349750803102	2.1373223134290034	-0.5961163254965723	1.353778308241808	-0.5316268351045437	4.818793533883432	-2.1680120368634825	-0.562037343159318	2.281694340194727	-1.7718636942784	0.0865246723150159	2.8676195015372694	0.6438512692704869	4.647368249656825	3.7477046783864303	0.9277563965391545	1.2508313274849205	0.40242557165951565	0.9022432813924071	0.6922507019292924	2.7795723234213745	1.732260963690656	3.0740298382937907	0.6568295252323151	0.6575034400075674	1.6791532296351654	0.885934043967953	1.7211510399184018	1.7521740916947073	1.656178209794919	1.7692968352439258	1.88013577892312	0.0
0.35904884371212425	-1.2338608235997313	-0.787932573876285	-0.06411265556277199	1.7578379600606067	-5.58816123008728	0.0	11.251133382320404	-1.5431953045384337	-2.7497797628928877	3.5226292610168457	-0.8321743253827552	-3.1655639874079498	-0.9311965167695699	-1.6979803098034738	-1.8211405969572714	-1.3553935537735622	0.9675538248897015	1.0160940327914432	4.955460373395019	-3.071534876752159	-1.3169445046987482	0.8529955746840601	0.6988285289629894	0.47955348062618025	1.9889226761464918	4.381228947639466	1.1913558398925426	2.0808120443579856	-0.17854307230424	2.971598768591881	-0.05245390015689633	2.801468393737168	-0.5385482732523629	1.0435804328191705	0.8587247146403089	-0.234301280870568	0.3115484940050089	1.7052142016796603	-1.206911257318868	-4.841524194321062	0.544693485064351	-0.6934627926371661	-0.6220769722580533	0.7210092004642238	0.8297929834913124	-2.0697621337603778	-2.546347560154067	-0.43704878653471285	-3.4420355022232108	2.215891849206031	0.4605304481727736	0.472479965798424	0.7259531475307531	-1.9681902709181862	-0.01147124836454168	-2.504731655226682	-1.0340591178544831	-1.4999687231200582	0.9744991767876501	-3.070935692987079	-1.6206677645990035	-1.103782436350125	2.0821309400519574	-0.12122134237195091	1.9351714078511577	3.6101194870479674	-0.867180752286147	0.1039116857103025	-0.6134956563424959	1.5689759957289475	3.277710816564117	-0.3367121082493603	1.3411990736329227	-1.889356709070622	1.3995092108403102	1.6036959503378188	0.6590489208919265	0.5527440856561503	1.282815343799235	1.2413981587114726	0.35489723032478954	1.317522163113589	0.9350048841379496	1.7297739645410646	3.3954208921439832	0.6682623680312482	-2.3415322729809716	-0.7465698780586659	0.5284435168504715	-0.63628655685493	3.0713429860657127	3.0175031347426486	-0.044245173445845075	-2.440931588411331	0.7371404108940623	8.718184926222888	-1.485210127173326	0.12261885710394205	0.8590031466338524	-2.973695685068074	-0.7264883784311158	3.2111411410160464	-0.6708856011214464	6.75579211199335	5.384758345857088	0.023175444773265292	-0.28416921079158786	1.0869191728532315	0.4031866778204685	-1.3379734130576253	0.8884408358448687	0.7719387786163316	2.0916305485513	1.6423173207067885	0.686792383218805	2.0300157627643785	-0.5434062821919529	0.941218546177778	-0.5922780359079215	-0.7158863528778678	-0.7611340352805791	-0.3578168042403247	0.0
-0.29261924228353303	-2.503066978285856	-1.9691619695379183	-1.0480631022629412	-1.667250727085357	-11.289360523223877	0.0	-6.041200041770935	-2.5879033617675304	-8.966975092887878	-51.098514556884766	-4.8696449905554635	-3.7160490846727043	-3.933306850644565	-6.314381094602159	-4.872471723009843	-3.708948151538612	0.3811357970499284	1.6095484478200888	5.78273724383778	-1.4592560692690313	0.4654828335636507	0.5715298583901679	1.8105804735060893	0.44030907085679216	3.225326531310061	2.4534213807847767	1.536984549693786	2.090000419301933	-2.045830676842619	1.3473618384599686	-0.2687640586702884	1.518315308445105	0.004621366990056444	0.8341678446518505	1.459975977154339	-0.32082930637989193	1.513126799867124	1.1171733429775081	-1.660942604040144	-3.768222775087397	0.44794587022962346	-0.2822484850076032	-1.657207539760928	-0.17893433967308078	0.3023723861898738	-1.186320186671564	-3.2705232613379995	-0.6041354932162443	-1.9572468737018442	1.32981444659986	-0.4562698183738301	-0.9495272031058051	-0.9319487441553186	-2.4509886810179764	0.11978729665279389	-2.6601069307176988	-0.3512904226680927	0.614926984971937	-0.6392667332176594	-2.4744875056653464	-1.9394387150773915	-0.43310566177998466	0.8092837259813844	-1.3373189108620445	0.644711165514309	1.68639408733329	-1.0696212981741333	-1.329345564941189	-0.24707916100808966	1.8627312839836687	2.2015099358183354	-0.49155714219798374	0.8652961323840902	1.3877197996018424	1.1029312240586866	2.0586908640994115	0.8672553842484761	0.8819969988658147	0.490136373887004	0.8238127334225996	0.3312838333293272	0.5818909537096424	1.4728522772759431	2.3461778334511276	3.928415287320859	0.2371788503025933	-4.576805310764096	-3.066553450110605	1.39832413546741	-0.11812527609790437	3.2190283843793157	2.537727551520333	0.6449660358175767	-4.9419037546931195	1.5143365408177487	8.570804820091368	-0.5181778227780764	-0.037741917268887384	-1.7357935843945935	-3.4601529214777806	-0.027737942636831776	2.517529641029568	-1.4766794104884933	5.803447351367052	4.1980323772964905	-1.1994098930797052	-0.689434808678925	1.6997660617376196	-1.1744661932784657	-3.0415602382072198	-2.156715788377019	-0.6117893308922128	-1.0243505482662516	0.32840547008439896	-0.9722285923175513	0.11022528460205988	-1.7067734452508962	-2.18407234766831	-2.6678306483945837	-2.910165914730263	-4.090742986413421	-2.9036661125719547	0.0
-0.9418048785934838	-3.952731538147611	-1.661066288545311	-1.640460100167177	-4.220281997893719	-12.384297864777702	0.0	-18.387734413146973	-4.807829277796878	-10.139459112787556	-125.79548645019531	-6.534751062224885	-2.896140604419634	-3.914399305618433	-8.594266892008974	-5.0253735232021075	-3.2504076278582463	-0.7755451717770535	0.8488441831432283	4.481297450264295	-1.2194842193005742	1.1898735039054402	-0.056619308273066264	2.3155595699814384	0.025600310235187926	2.1274323590725497	-1.449964882398921	1.0153741317951208	0.4998956812817729	-4.167925625597989	-0.39142998749017716	-2.118033450995749	-0.08670201293672576	0.6122102937958342	0.21905900729703218	1.5986691193225293	-1.7475173702114262	1.3051513682079057	0.8290519015656577	-1.473410151557613	-1.7032529375491998	1.6775739374368086	0.17864547135868095	-2.0176942599780134	-0.5272812758380337	0.4838761942592835	-0.7536098513815362	-2.136616783453122	-0.5935966751956747	0.7647961318475481	0.5289131300632803	-1.0857451398383886	-1.1110325169342001	-0.9077229148011334	-2.0324763861694137	-0.3025052954629064	-1.564405402443795	0.6908773840389576	3.7165314673500904	-1.5835333404775034	-1.383626542571953	-1.6676633546424167	-0.019221936748630698	-1.2632329275932985	-1.490654716683592	-3.8513106899918057	-1.454241137507666	-0.8946068959137778	-2.3507512479013943	-0.34724394799033714	0.12299308223599517	0.725767831630062	-0.534132822575408	-1.2141854336502356	2.3983852598402233	-0.1999998109710246	0.9947980917969618	-0.03380117765075322	0.771482435142731	-0.9302767191170337	-0.5862364679501921	-0.02250707799122353	-0.1749156323611421	1.5028969165995891	3.176270368826491	1.0968184190515047	-0.6172636434328642	-3.967405665327202	-1.9041449760986586	0.6871087903380394	-0.5151474654475919	1.5150696751689994	1.1802809195838464	-0.04584965347188764	-4.642111195736573	1.2575508623267524	5.136857628195642	-0.42497417894652584	-1.126415930021165	-2.717061881409135	-2.296090450926395	1.7471956234875616	1.4853709277902751	-0.6466108179934646	2.6881258167069535	1.263797934617445	-1.2645711503390755	-0.19928949534893037	1.531769512163411	-3.208519940657356	-3.579595546866517	-4.302497437725274	-1.5639767255406123	-4.521958801049297	-2.5152021137741394	-3.4079218791394186	-3.0454441505635894	-1.5959503910618906	-5.431520231533796	-3.272654995181118	-3.527521419093797	-5.9543727280499485	-3.893936492715563	0.0
-1.199557196605638	-4.477614096716485	-0.2686907754025676	-1.9817129683494568	-3.883515092603704	-7.171925802182939	0.0	-19.01632809638977	-6.637046896956033	-7.386551326718823	-181.40036010742188	-5.401090823827141	-1.346019798098132	-2.07278159655479	-7.487785121028874	-2.6890810167933084	-1.572757860576665	-1.8481905244134522	-0.7411766951045138	1.2737728780066526	-2.6467045234597246	-0.10579740925982752	-0.838845974416472	1.4404464783805488	-0.884894060023964	-0.749783607297822	-4.068059957027435	-0.04338301072536903	-0.7299874547680609	-5.122306542043333	-1.0634624548256397	-4.093788637390619	-0.9055453167000617	0.7956359443908676	-0.6090787796507482	0.7290153016433187	-3.2403601036930922	0.2219168987813527	0.6666090698705779	-1.251299128593088	-0.18262310278339264	3.9728296401023027	-0.045275902829770676	-1.1640631350991217	-0.07607734655048191	1.0421295924620195	-0.24698585044529478	-0.38623072171495076	-0.2659525725658727	2.8667842142249103	0.06586351430272325	-1.2285319945908018	-0.25593422742356314	0.5212709562273214	-0.9364461311882343	-1.1026515247207136	0.23922618135640566	1.2994332150911967	5.731888007975238	-1.2676959335303946	-0.5524352781203281	-0.6486821507171887	0.030092928943962885	-3.218698960736282	-0.8377009819951846	-7.697419776224706	-4.084296517894444	-0.5865330933675332	-2.308888574349553	-0.6718033214103808	-1.7850003289499294	-0.16377271073997465	-0.4011557465179673	-2.7978901208438183	0.8363817258486672	-1.2029680142381993	-0.07883765129055702	-1.038072515452691	0.543878068739877	-1.4692572693423185	-1.9512515183465153	-0.05206710678979385	-0.4948372257548192	0.5056784146950953	3.2147129280492663	-2.400565765275855	-2.1524371027732068	-0.8458967970176177	1.2390947096933753	-0.9066646957397461	-1.31526840332713	-0.5758896878602483	0.31549364199876323	-1.9486496926540822	-2.183753568960839	0.2668693284271285	1.185798019727814	-1.3974891032600578	-1.9783997807040143	-1.496593912933455	-0.1489508448992872	3.262075900376498	0.9938761525940542	1.669970552324529	-0.2320728380104591	-1.017517967320139	0.04618850570349466	-0.016059669405221938	0.8391122235049462	-4.500156510109303	-2.8982498991924026	-4.317400369869294	-1.4290678256770948	-6.0936620699518	-4.808420417588204	-5.124917859062553	-5.0836328015727705	-0.32257517009973524	-6.234890712183659	-2.69009247670571	-2.4412180937464663	-5.204165449003121	-3.0809170867183377	0.0
-1.0285455597151916	-3.71745230234502	1.0587533916887286	-2.169476712671193	-1.7958830693300734	1.8625873156956263	0.0	-11.298656940460205	-7.264247153782183	-5.944926549648416	-197.09478759765625	-3.6545271021370986	-0.3808361126575619	-1.1324178145678585	-4.368902748006249	-0.2204685404178608	-1.44613519797247	-2.111568687597641	-2.1118341329784016	-2.220736050385016	-4.081643163456001	-2.442146815596119	-1.34883792672612	-0.3034566038222325	-1.9234881695705177	-3.4360064773506056	-3.309646615937904	-0.7026386881869224	-0.004131936447255397	-4.391163146399237	-0.5257138954550028	-4.409962391551537	-0.8428899757564068	0.5026248896598539	-1.2217686378113255	-1.128000564043035	-3.4010352263067034	-0.38274248697511526	0.5642359926882717	-1.3432173934829144	0.07111544308499393	5.812112410431323	-1.0848894986321718	0.4649778793601296	0.5883619646878789	1.0749685820003954	0.640200875375925	0.6995288789094913	0.053848301878704236	2.919132421437268	-0.21209486017319543	-1.1916374013655715	0.2967421333446647	1.3942242017546236	0.01639007025332463	-1.4934551774850116	1.4044496361536651	1.0378698828348587	5.109172595336156	-0.15483624998155057	-0.3228964472309548	0.47840451558188696	-0.099271007160517	-4.365357169385113	-0.3172268887191153	-7.745670859152597	-4.935124102367059	-0.3936496620888013	-1.3374310784662764	-0.7240604348911489	-2.151069060270045	-0.4067306945900024	-0.30842005392774546	-2.175846252624595	-1.0841458189109014	-0.8714355745232931	0.16101697634677498	-1.2458669813349843	0.4628830902716693	-0.4756188765628907	-2.025690691180381	0.5852082816283565	-0.2716796876537421	-1.0288569164763164	1.9633983128111472	-3.534893418444651	-3.236273113450558	2.4836184385147964	3.6807439206010204	-1.833868829935789	-1.6155654330890872	-1.3763914729990974	0.5788002514246687	-3.373787557549643	0.4384257102212986	-0.5471808451402467	-1.2375167811063128	-2.481504667202359	-1.509150078450677	-0.1921059061274972	1.259470089491236	3.52602101094857	1.2380587769185276	3.7172089447098635	-1.4277427891462013	-1.2164875681428982	1.3453559813400109	-0.7411249941587448	0.5687623433254916	-4.133450959566363	-1.6834947280717203	-2.7165177133630585	-0.3607683703303337	-4.751731799347168	-5.149657843112945	-5.249652995119492	-4.56520028137277	1.2820068733050274	-3.9992239251732826	-1.9337549165356904	-0.5925926143823848	-2.611968317165874	-1.6189764418772288	0.0
-0.6960863696438112	-2.2620452370494606	1.4885205072822973	-1.873392646299167	-0.37182738826154393	9.705586016178131	0.0	-3.1443562507629395	-6.899468586676651	-7.754555447348233	-167.4291534423828	-3.292410238170977	-0.40516481436789037	-2.1534964017526703	-1.5245935241006277	0.699098785553711	-3.5120922401153223	-1.4315533826739846	-2.492773488018429	-4.089318409562111	-3.851467392474845	-3.8835807774590436	-1.2460044437471975	-1.6416353601209743	-2.5758997978674696	-4.367433373334792	-0.027073358606409144	-0.3019982619850831	2.2472254258863043	-2.7148428117787398	0.3914861158132553	-2.6542523950485726	-0.7213594807368336	0.12892773737536467	-1.3038842024465487	-3.243213682045646	-2.0929844117345056	0.1464009911996191	0.7245839138411814	-1.4250112201463971	-0.5400233222888067	5.7396181868524225	-2.152139245861771	1.745976253762401	0.7493225002030802	0.30519281784213625	1.1515071126237764	0.8484642109020598	-0.5070877366884035	0.9579382709741036	-0.5515937184511918	-1.454357476224975	-0.3161511663131668	0.4250418892167262	0.40288665134346846	-1.0554062396474182	0.9484874123855579	0.24996654930651385	2.4691337691072155	0.7161190336282621	-0.4989372791998944	0.7535370110375125	-0.24882691820291267	-4.336944253394717	-0.41705825753349196	-4.747655466897413	-4.02286412153837	-0.2950890487109705	-0.3419460413893426	-0.32505270305380946	-1.1005680665776536	-0.6466558126226604	-0.45562219461104786	0.11397679825099784	-1.5344836404399267	0.5234486151597287	1.2980907936485446	-0.6482968825878481	0.37682522765853826	1.1032994859869876	-0.6425684246727649	1.454035784464237	0.18249804262446348	-1.9159681863560982	0.038500080054456536	-1.7991948046277617	-2.4246787824433484	3.8785797790370204	4.156439763004497	-1.2995024675428868	-1.131193595777349	-0.6298231478133125	1.17505493061978	-3.133613628928706	1.8196708427256896	-0.4795941708362079	-2.1569502196648966	-2.6316110567213635	-0.022202426734477726	-0.6798385232037236	0.9789593669874691	2.592069301303926	1.5380746594145693	3.698385794134136	-1.3119555301065076	-0.0296762886723862	1.1235336071767268	-1.7493883204460143	1.178834320245118	-2.1004667829422026	-0.678857617821264	-0.8843116609037119	0.8140235496359272	-1.5498414428884921	-3.981234285440296	-3.9625167807688317	-2.290230765029095	2.4735628143289627	-0.44753714776770387	-1.3659766046824215	0.9516271840449166	0.12951507937017973	-0.5247548707361732	0.0
-0.46418508832082	-1.0009558831067646	0.9218736339907546	-0.797303957993334	-0.5237757392386173	12.286110631057195	0.0	0.17564105987548828	-5.772171834302652	-8.707339535499441	-97.16948699951172	-4.083384338942147	-0.5742258032900281	-3.7817515224911444	-0.3649194157932918	0.35425218464021224	-5.70685262070407	-0.38393013566159284	-1.7547028336266521	-3.5839236482425973	-2.0365575577901756	-3.3675041773144607	-0.5757642273723595	-1.8236133141273803	-2.6151994799456464	-3.525011829362934	3.1345728679939553	0.8963208403778021	4.016007004535935	-1.4542137848006353	0.9161616851091385	-0.0389146339266172	-1.1580090453340248	0.05831291411626846	-1.042898958291091	-4.609371211851749	-0.4385571011080174	1.2241162313958225	1.26188051112824	-0.9762318185495056	-1.1743908655694408	3.7713160113687962	-2.3924399444769167	1.8355606347636835	0.4158807283897924	-0.5020083325322379	0.223498439005876	0.5117224537663989	-2.5310293422966654	-1.8078791650064359	-0.9311400115141395	-2.0952116753610355	-1.6366850488226523	-1.5860670561229946	0.46810977731012937	-0.3913215232640505	-0.9003404138863764	-0.3830463864602322	-0.10594966065357714	0.7609624921394225	-0.7885342761065487	-0.19431396175130475	-0.3475234494383993	-3.3070365232989234	-0.7271938255364946	-2.0688981113489717	-2.4904544313336903	-0.10647312013472959	-0.26627888773671454	0.23639797730297507	-0.07024718070641865	-1.2383619187256465	-0.674377515086538	1.9485950902394882	-0.7951065253407236	1.724356952169449	1.7973501708130448	0.18769550845974078	-0.048448148448677626	1.7744909112043248	1.1182007451048668	1.6942887735665653	0.4424254055200859	-1.3739495703638875	-1.1649056645956906	0.7985357944374887	0.2595848757271126	3.0893362999047067	3.488405731269869	0.08684543746337295	-0.37335249118141894	0.44928622693277714	0.8952204583414881	-1.8694850889454901	2.1146403616216003	0.36280729179270566	-2.541738229412063	-1.7642346060401572	1.1075179407845681	-2.0941295842315224	-0.10336639032494731	1.180281014887841	1.0824800531939676	1.7081411589242985	-1.1642444139667627	0.8235039426573495	-0.6565799713179115	-2.0983224906772375	2.0360101554414323	0.7609940815355046	-0.03854562464841111	0.34992307542303863	1.447606149578949	1.4707920775448873	-2.755252495221794	-1.9124818145980438	-0.28166525091889294	2.8897009107298577	2.1880711096304433	-0.45055254158752644	1.6686030474495188	1.956315721237772	0.2635879224964551	0.0
-0.37197250969475654	-0.3411381153499379	-0.29165368043928297	0.6119254697622223	-1.2180983884695997	8.832112414496285	0.0	-1.6630306243896484	-3.538195869161023	-4.188450201832015	-5.247817039489746	-4.476333657930586	-0.07145990957506002	-4.4464306637298225	-0.8622387684881687	-0.13912919832460852	-5.866686931205174	0.3430789047461394	-0.23232370671030367	-1.6166198156360123	-0.1765821900056756	-1.492832166044209	0.2550040046610685	-1.2445323921815314	-2.1240544023217054	-2.019606750031743	4.274410144267259	2.0204345337978613	3.7524205180868675	-1.4401752233643224	1.1083869993686677	1.8298305216469342	-1.8013216642959213	0.2778214123892657	-1.023730973581196	-4.6728189292071995	0.4169450056288042	1.9316764464601874	1.851366572164827	-0.10734393675136202	-1.2728327469279368	1.331712238598561	-1.9303275282159815	0.8738080243607551	0.3178948882735309	-0.49753004790406036	-1.9495675247241506	0.04207610403971067	-5.3704442067999345	-4.097776402936917	-1.0344917351783018	-2.5565083748513153	-2.6016413538225756	-2.8466685381995527	0.48064483688071824	-0.5230985554470681	-2.962810002246194	-0.5337719546655731	-1.36205584238119	0.37835143115871506	-1.1118458493853038	-1.7484273074603662	-0.25229834028701675	-2.0706253624427795	-0.6390204818939401	-1.6505916850292124	-1.6068295742930372	0.16692158776355706	-1.2494458958441614	0.5301217771902483	0.15716165876349536	-1.7143607228698565	-0.5413254190380896	1.9596779284646457	-0.09490959204378582	1.7235564426057925	0.9483028592598833	0.8549292019057341	-0.8298249579045702	1.0731973472558336	1.9751618657553314	0.8338367755501723	0.3644268790348655	0.2021335939141099	-0.5836336561055346	2.1755483147696912	2.9160154133777914	1.368584724583409	2.9571071670043394	1.1599811713993549	0.04216063758546234	0.7194878944485426	-0.40183577366962603	-1.1130210364946223	2.291588670941962	1.2150541529699694	-2.610396324926726	-0.6642614882916976	1.0180698341842909	-2.03852766234601	-0.2578887687574176	-0.1357808843418792	-0.160659524142702	-0.2648533448792886	-1.4050861158761485	0.5394171983705388	-2.5576248633719625	-1.6510999077558517	2.1157544935571737	3.2718049669947247	0.6287067895955456	1.0843826807820454	1.7118747316144562	3.0071120267197236	-2.1423009132687003	0.46158585672577224	0.3998767534097613	2.4554295285447285	3.1063331298668078	1.178146452151299	1.6182921497294536	2.9148829889592607	1.2968379057145545	0.0
-0.29563803345693446	-0.027383567984489834	-1.6461435215013636	1.3040681484595618	-1.245727370394037	1.8859312449182783	0.0	-5.5734089612960815	0.006639345859487851	4.413813854085988	76.56771087646484	-3.7925415800747757	0.7668849309440702	-4.245345554081723	-2.0853614323975775	-0.4260793094893536	-4.105525296319414	0.5916745455193144	1.5524988015713461	0.08723134740635201	0.4904493777000386	0.3076418787832298	0.7985809926434158	-0.8389360186728564	-1.2655897746055291	-0.9370104870975202	3.53405255984377	2.4787096168200478	1.8443138289652514	-2.197198630765908	1.48301354265213	2.30936983161712	-1.804942789120656	0.47633024523074324	-1.5761344040995824	-3.705693833361384	0.35939336582669057	2.0986264887083648	1.9086964636239119	0.35982051959175987	-0.7053773409137741	-0.23604243820992069	-1.7489412121860117	-0.24697741357421008	0.9892087498904434	0.10324172605995578	-3.622506748446879	-0.5097939436516118	-7.329188990071114	-5.308267122534948	-0.6160436858210647	-2.1506367142474843	-2.777027020922948	-2.62311422320496	0.27355534280415134	-1.678772160485387	-4.061258302800442	-0.3605495750272888	-1.9846803473158028	0.4076036651862548	-1.4050962977001773	-2.8013169898867334	0.22430924583097983	-1.4351786858159354	-0.16290739628908446	-2.0432518762827385	-1.6706984543429755	0.2178348581520628	-2.4703970663108383	0.3792523078472735	0.3618969806042072	-1.3243127499635403	0.10558519942090545	0.7938384007696712	0.34507193451835994	0.594446847860766	-0.3188017323917272	1.295339170369809	-1.543885892363854	-0.13666395074957585	1.524988034484433	-0.7315241200926382	0.13208326484475816	1.5448517591424344	1.462288566865027	2.1009268600528483	3.376000462729725	-0.22610711875286968	2.544035019510883	1.4220954793095588	-0.00755285524282744	0.37910553568792416	-1.5728571870068246	-1.3798780110623456	2.8565894321796774	1.3503827986540273	-1.7926129870134118	-0.013104814427969602	0.29490759140297546	0.11551369692004004	1.0833464674651623	-1.2368845160190876	-1.3289631598244982	-0.4644518035513479	-1.303070876503299	-0.18261177488930627	-3.0803547851741313	-1.0487166146934033	1.130823462199548	4.43100355365366	1.6002031451752108	1.6037537635017474	2.2154827319033497	3.2311809167834156	-1.3916417722962797	2.8549473253885904	0.5058970722088287	1.4428975958778307	3.0880719187359014	2.846453403658939	1.1745944413382876	3.3959748260193057	2.485344076263053	0.0
-0.14641660966384648	0.3588976162321427	-2.507393655738422	0.6835977358027066	-0.5632523374354585	-4.381987354052918	0.0	-7.025253057479858	3.931497231953674	10.852164843216025	120.27386474609375	-2.7499407176156434	1.005129815451801	-4.09420486171405	-2.90511206419297	-0.8741789062967501	-2.172340513320354	0.671581240462048	2.962189738274901	0.3483669519424438	0.1335835909821849	1.1296621964327873	0.8767955999693456	-1.052551067838765	-0.25650312286512605	-0.6385105634021685	2.2330941375482967	2.3789542386687637	0.030072124444701698	-2.3205062591919194	2.007428787112236	1.8797178762623026	-0.9086008613618711	0.4346276061866987	-2.2532979533428033	-2.419498372962066	0.1302408401024877	2.1762689907994606	1.1207930467608902	-0.17766125128561816	0.3891987958524981	-0.891515232089475	-2.4148819886212207	-0.7574596718456674	1.9822167572329827	0.20892115829411348	-3.136351787974521	-1.0030250688866964	-7.00531496997425	-5.358061810611055	0.08507051986604057	-0.9012778306468612	-2.540034473294296	-1.7349162409637149	-0.2810641089125038	-2.9492416351288555	-3.6856908609069334	-0.08322704914474606	-3.1632848373230766	1.0777863009564028	-1.3593030332141565	-2.6289368704551968	0.9742116967494461	-1.2879000788122246	0.18319618195402537	-0.66651296132477	-1.7729731987331816	-0.20425858741352737	-2.8489025510480683	-0.023485477562452204	1.5668923062196858	0.01648697751590395	0.8634887704250841	-0.0318069611804201	1.340475721905629	-0.7787337671264564	-0.6651667832922773	1.4396928503943638	-1.717809292549158	-0.80479642822907	0.3431760692494173	-2.0160240279125774	-0.10169229628863158	1.5873524090891218	3.2851448407163844	1.6692885136771425	1.2775360882925473	-1.6399287593635645	1.150117865053274	1.2708479757905007	-0.2661087799318113	0.47371944335925326	-1.4652599988153892	-1.6630990627032203	3.428170483653285	0.6328577706648503	-0.09793684647253184	0.2402562674667154	0.12502543294607704	2.2225319808998774	2.597873991734157	-2.1100745454921825	-1.4688526509051032	0.7484008283286855	-0.24894682978890065	-0.3313900586969149	-1.9137885859502213	-0.7795846543833613	-0.23368725494064133	3.829785402705319	2.517039635869604	1.7803695694758341	2.985945340376217	3.0218866576077574	0.41518694169819353	4.603938315510749	1.2023063255690558	0.5300441832238665	3.0655645365240396	3.366010637184831	0.7375592240075833	3.3440114513233112	2.9326397168849194	0.0
0.03722228343076836	0.8064226443824523	-2.3059410918504	-0.6250047668679194	0.24935800788250376	-6.526852515126977	0.0	-2.3174840807914734	6.4569877389456245	11.404099070820315	119.04521942138672	-1.963589504373507	0.5518414287595078	-3.736667106177138	-2.4750266525951132	-1.3906791257750557	-0.9771629322182249	0.7264582348850692	3.3128473596225376	-0.7030259056775658	-0.24556613486746084	1.1896305845498487	0.640243902923326	-1.4844049252710785	0.5087972417409564	-0.7854537537707817	1.185381390237146	2.0532443576851875	-0.5561705677864257	-0.8773053465618028	1.81163591837883	1.176282192898702	0.16619135049933736	0.22201827320052273	-2.142172937571219	-1.1968258124232563	0.3108575968435616	2.1775744133628905	-0.2955733829488357	-1.2217428552001033	1.6446005329171307	-1.488258704205678	-3.1740555264459456	-0.6057248638298378	2.183121155150206	-0.7432089106302069	-0.7022792459090667	-1.1055330644169497	-4.439201172607148	-4.1567356561214845	0.3561314775755531	0.2802160804913867	-2.164181896199019	-1.1724882224537678	-0.6251103623836028	-3.2354806153383104	-1.9805675950271755	0.3087855185013871	-4.471206745790208	1.609548324906586	-0.6595094958711573	-1.3576500943617713	1.389724418092733	-0.5853570804605661	0.11275658311603738	2.6782530108466744	-0.7546210229551237	-0.8525667520205169	-1.9338455135002732	-0.2971367510076661	3.212851801736129	1.478289962221612	1.096684503720358	-0.05638620626488957	3.0608983698581893	-1.5583293285257747	0.03759204643163957	1.0484676838820894	-1.250664815657279	-0.7753937161459253	-0.7289020301518487	-2.2113894746323264	-0.48675089045649483	0.3244261269526491	3.164692578816109	1.4590870199777255	-1.522599670741198	-2.972100343216549	-1.5936969503507776	1.1657556338906288	-0.5103552645603758	1.3495854309010433	-0.23976679684387314	-0.7745495917506319	3.2231358155733396	-0.5019469276885502	1.2801396795679059	0.5373354124676286	0.7363746049605421	2.0445337723724024	2.507689912896766	-2.5220438425357523	-0.4456764615650447	1.4465898686664511	1.176205506214294	0.07435010840565386	0.06158340925439482	-0.6255043777823448	-1.1441815912402395	1.935426256915122	2.6189444235736326	1.3937747196222727	3.1062853873765968	2.7668340794126487	2.771512856259942	4.81165919346114	2.232288630852519	0.2909459591943484	2.9661842813646353	2.323083799890645	0.4491790826790608	2.4261439326831575	1.922319163594927	0.0
0.17188899389135204	0.8447780344854383	-1.0783431725511392	-1.3296917011521079	1.1534556996949175	-3.8534519331795827	0.0	8.00494995713234	6.541130951709217	8.940656869575895	87.44107055664062	-0.8015070421108026	0.43724560127593576	-1.7749518161615205	-0.6266514329892124	-1.1289850758972118	0.40754221019054215	0.43356361383428943	2.247806114326522	-1.8880043651770662	-0.008125667662724205	1.3807138401655255	0.3984858187685102	-1.3979075065004931	0.6607300751296611	-0.6521811037448353	0.021988476978407966	1.4180540106213995	-0.5472991166824706	1.4662968939101255	0.12647233533859253	0.19899556125643886	0.4305423538793217	0.03722308932783756	-0.8178274647848353	0.20178799501439026	0.69554569041793	1.2765413482228052	-1.8574542001510659	-1.5194595354033336	2.504551802133011	-2.3601765479298606	-2.6500560207283264	-0.23104485989261403	0.9744441993099706	-1.9021634095997522	1.7839015578432798	-0.7583239934155865	-0.8873321156390765	-1.5652583897044168	-0.4044003709715012	0.5077147869215834	-1.2431676178380395	-0.8571370742869693	0.07137483567225211	-2.314944062116556	0.5219350564611059	0.8311187496626954	-3.961004698799704	0.988825750630974	0.46715023704147074	0.2461410506923751	0.7741058468818665	1.3333419078432642	-0.15182966315489022	5.398918463557493	1.4792396990398977	-1.0623532921611767	-0.16479032568520668	-0.17882737538691135	3.379331979145472	2.049349642217751	0.5965710504428249	-0.14731307228634116	4.2141947070994075	-1.488999263411111	0.7100116083411132	0.07749000354867303	-0.42438485273543525	-0.5956051477651798	-1.2226235025434518	-1.3003330158977962	-1.2171180593786102	-1.2527217968051767	0.940520485185764	0.8741908872578398	-2.656453146378128	-3.4988437913358212	-4.274738616641548	0.8990954799056053	-0.6055859495390485	2.0461509737708585	0.7110286863467798	1.276724779005863	1.6605545959177137	-1.4546652077813633	1.1717399522035479	1.0132023025604286	1.0831676796078682	0.16746755503118038	0.6047290729209521	-2.231864110781596	0.9071878257164897	0.46373959209607996	1.706256039196561	0.09291401647136245	1.662672800038542	-0.04296793505549431	-1.4245667313707286	-0.043741038561273385	1.531151999363936	0.730242884301473	1.6523641642782239	2.129128494656692	3.8883909017872065	3.310022450288137	2.022329174363877	0.3932356100357496	2.0960224496407642	0.5625954316787873	0.052705132014114364	0.7767076996826361	-0.1456802785354999	0.0
0.25069244491232096	0.16674937127425116	0.29291661188065016	-0.811397498365153	2.6588350039847355	1.2178097239562444	0.0	17.55687141418457	5.058845350104901	8.563774576988713	48.93444061279297	1.7126442180423789	1.414764187252149	2.1060113511420515	1.9338067971964172	0.35714839068970766	3.16015252762686	-0.4714451380932078	0.21352063698577695	-1.9161614485153997	0.788177614842636	2.4059326004966226	0.387956653179544	-0.44127300110730255	0.38212583650160453	0.45005710219139744	-2.0113224087765924	0.10704580826350801	-1.4107896972322063	2.9397283569530206	-2.559187165260315	-1.3118126489387094	-0.3775201872781371	-0.019786623603803045	1.0676171573310769	2.0559066853979053	0.6769399478889682	-1.1280065136151793	-3.2034743416640494	-0.41063236132377884	2.559704887258082	-2.7375007045009863	-0.47844997000664913	0.07174253751394115	-1.0013482174056978	-1.8493458887919634	2.7100749709722347	-0.4367307296229733	2.358922946112238	2.025534019814195	-1.9798514029523084	0.004323850844114545	0.6459886201768582	-0.08739122324037236	1.6429807724374714	-0.8083692678436637	2.983276412864639	1.1803855291920469	-0.6701127413441154	-0.8555632690530295	1.1830560615708847	1.3308464146968795	-0.8733673937211948	3.5681217635600135	-0.35044417835825636	5.238638929324225	3.67464646913227	-0.4066317373902947	1.6132030550559813	0.23951544034274783	1.0897636515767992	1.45396071115957	-0.14444162928674859	-0.9281980557486825	3.4037196690601017	-0.8275896157368575	0.5271790411044546	-0.9856749057406717	0.3864323527113918	-0.5487281915639135	-1.1016392791461127	-0.03266083917095641	-2.0202766811209067	-2.0402700934479383	-1.7543230758217925	-0.6685120540662347	-1.4045962844271775	-2.2194879613139413	-4.886000701557782	-0.0902248276770115	-0.2972827085476001	1.4293641368063486	0.17265194115404628	3.4479653051007637	-1.2670173228888562	-1.7993724008789287	-0.08303652177173122	1.3591379528189753	0.19945971695567244	-0.6769725203860638	-1.4009848296746144	-1.4054248201364017	1.4954598173222975	-1.2569689690742805	0.8148697179710043	-0.8474451961414451	2.1934686481952665	1.1922854847460984	-1.4307055008822473	-0.9448900283512911	-0.2251791672803642	0.4454799745267687	-1.0247752720073282	0.9075418071000505	2.643320673108101	1.321498298967878	-0.2639634050970334	-0.31728097331065397	0.3856870111905866	-0.6538796731214406	-0.8018689180011691	-0.7686484556693536	-1.9470547044915811	0.0
0.35467110784639294	-0.7317373367464718	0.7776586108587005	0.2837232263183052	4.823324423124816	5.208787854228701	0.0	18.49654245376587	4.098711191249701	10.779045615730615	27.188426971435547	5.183331166572716	2.728781417873688	5.86224193485497	4.019775692177322	2.1875214495931763	6.769008084106698	-1.516713467224703	-1.5911238936823793	-0.35876206661815996	1.924392676439838	4.130826854092813	0.6032401100298717	1.053257589501263	0.4974274056610362	2.512620647694489	-4.7970485392544004	-1.737988010139451	-3.437438910408469	2.509843896129341	-4.534101589560509	-2.8652926285432865	-1.55972424919971	0.03955008311474577	2.279805150150712	3.856253988366591	0.05437429506855551	-4.101167553954798	-4.148170965040723	1.3449451279229279	1.9525982946252975	-1.7460120975485314	2.031978807022125	0.37461319522743547	-2.3338652597486624	-0.2627112069778671	2.2134819106530337	-0.609593726786977	4.680986890938842	5.318279918048217	-3.2665881053571812	-0.022487814360786052	2.944021536219938	1.192888249229911	2.5285184561895826	0.6733806356601417	4.340174663240429	0.9112055910986375	3.528300732264624	-2.7739707732795043	0.780419787950292	1.4230721705570453	-2.5761186151026654	4.345835865547288	-0.5603992789347234	3.031041285721585	4.405596216240599	0.7443202174534733	2.7712508982313193	0.529690978502945	-2.109203152610241	0.3276994916917779	-0.36994422966662505	-1.5767471856958823	0.9381262778289734	-0.03686566846352993	-0.10981163230477547	-1.4158354437104979	0.9137278750418302	-0.2869712538211732	-0.5022795205461044	0.7180038611135207	-2.1753810680022947	-1.768438431930797	-3.071491127823141	-2.550377341805496	0.761529484991547	0.6286433873274787	-3.0247920974457667	-1.7502793152928353	0.6645171528182903	-0.32334535291827304	-1.5951739923381163	4.8285022921266805	-4.669132703492622	-1.3661969292094	-0.9445664857102941	1.286587009445215	-1.4498888440430164	0.9159330982108449	-1.6183536842153878	-0.5460212640054933	0.8616290288681031	-1.828941434693797	-0.6727558985621476	-2.104576411696387	1.6701712851013457	2.829668602347374	-1.3193333766198363	-0.6073424363093919	-1.5663306211992618	0.7719940421968483	-3.249441852272078	-0.24600580791800708	0.13252791907638312	0.667469663862139	-3.238228675172946	-2.4121366073993538	-1.1489489383443638	-0.7609410438347947	-1.9335642088702334	-1.3031271813534104	-2.326447932348986	0.0
0.5488307023416511	-0.6971936175709261	0.3010510924252701	0.8719358560646122	6.782327394060632	6.598514108785561	0.0	9.571110129356384	4.910314611676666	11.236678111655959	41.0497932434082	7.694669024235265	2.842117797769606	6.8651542143657975	4.822599988884581	2.93270399250898	9.180055036283438	-1.718876162153128	-2.0522761523516238	1.9237594974261742	3.2923564225624222	5.495066293835561	0.7634932995082053	2.275845351318518	1.6285387262188156	4.316423765467278	-6.922763202539473	-3.1212999176200036	-4.967541527254193	1.087200998487296	-4.246659605070017	-3.0540247410300037	-2.127200172339199	0.21205327342799368	2.122537645376927	4.309752951574204	-0.7230735189423285	-5.497972581495086	-4.49488675950302	2.2985221446840134	1.2613846577194512	0.2788027383495068	3.109125341561719	0.7075718928340681	-2.106371292387813	1.606541702128721	1.573422493570942	-1.0083187464920302	5.792079004455313	6.73785084362738	-3.1399837053048683	1.1986231176212194	4.284598252169104	2.187417819627271	1.2666312550891878	1.948557558581233	3.799776092721996	0.017092589400337383	5.38235753730816	-3.418096975967188	-0.4720497719202639	0.6302616135557977	-3.1218985384223106	3.110159800865589	-0.8540381258286589	1.7085081612458453	3.5130585244726484	1.4519771694231847	3.0804444031338347	0.28096403978818346	-3.5420313229834712	-0.4373638693234021	0.20889256253704097	-0.7126002519502552	-1.3195085236802697	0.4343649373196139	-0.24782730533098357	-0.9374974845529739	0.9948358995686559	0.5209373999351068	0.38919037719275434	0.6942871799923418	-1.3029018373982537	-1.21866566120694	-2.8195110988295213	-3.533350589676438	1.6901548004193272	3.212136328626763	-0.5218473422830388	-3.034906285613775	2.0342838172653224	-1.7586928669238326	-2.9841417890759208	5.202437277619554	-6.710420031476171	-0.25394832717720417	-0.5732723934419244	0.8702945837907957	-2.3423019218425365	3.2046751204639845	0.08357806508964778	0.07363541014901884	-0.47901744617405284	-0.6305182564414246	-1.4625380515161066	-2.4326099679398703	0.6589688356344898	4.350336596220732	-0.7557255874676951	0.0101027633482811	-1.7273874590173364	1.1524516302160919	-3.4893614423650128	-0.31720160564123573	-1.157251038774848	2.0075095761567354	-4.392462062714404	-4.584785818870251	-1.3471241108728227	-0.09102396952044783	-2.4602883281223926	-0.6103442025600703	-1.1687500097389731	0.0
0.779349749080997	1.0382638861178695	-0.08949075289676292	0.640647057000209	7.423222237444938	6.716965032475335	0.0	-1.2094703912734985	6.584903032700014	7.143413576843409	90.16755676269531	7.568767064729972	1.3737339584622532	4.743894822808892	4.4054667973881445	2.2283912889928703	8.68267787500191	-0.6978781634381601	-1.127162468372262	3.2669436398479674	4.481039102094761	5.1446882088683425	0.4823997759345549	2.4246293351693886	3.1945989511907102	3.9810988304346524	-6.559120916768356	-2.983974813577071	-3.9342881027985825	0.5592216237275689	-1.6897916466742755	-0.8258222135231842	-1.6370679812918587	0.4936508709525174	1.0077712636305092	2.4650941941280307	-1.096233784846845	-4.028254346598102	-4.0524877016536065	1.8315644404346139	0.842338919130146	1.856558406698531	2.331716055848769	0.6715671270771368	-0.6529850388192191	2.270718463300257	1.5329241649863325	-0.7941326031845714	5.289536589575622	5.759912935089947	-1.5749337910211574	2.8904697569234976	3.865795893484225	2.354816839000247	-1.5011303307996555	2.8337551153870297	1.568621647312036	-0.8246931489123854	3.730623943512054	-2.5312784185395545	-1.3774004095933121	-0.41342298954543544	-2.2172588241853934	1.4725492685435495	-0.8499609484946985	2.808954648207873	2.1990367501510857	1.0997680598031736	2.5319419160033716	-0.44446307521658057	-2.417514368665178	-0.4583316052372385	1.1008084124077868	1.659165999963196	-1.9642268442622726	0.3424511956936209	0.3107813829366042	-0.0069846050040322846	0.5955163575270597	1.512376920309306	1.2706897286024839	0.4233548226189022	-0.08366209449906828	-1.481960783730685	-2.5509326841512863	-3.3909720885697925	0.590307976273324	3.747009644250978	0.3986245510563002	-2.7307719897031784	2.9618275907180496	-1.7450342454107068	-2.5021305688216473	4.597449358684563	-5.547234775451552	1.0874496173702937	0.04540408353939235	0.360302104147308	-1.6233335713953225	3.495928474636965	1.9888194506462236	0.7122282299039128	-1.4901403157125828	1.049892770503687	-1.1072935926246232	-1.3365058118921262	-0.07031896022104081	5.055374310165644	0.538750109442606	-0.10910479980410558	-0.8526275184966864	0.882037003703702	-1.8255270643459334	0.8517347326218072	0.1140546738076955	3.986390013098717	-2.7509601798428354	-4.344843475268437	-0.15924095100274793	0.7497338254964261	-1.6076619164746722	0.7495003638474586	0.6981096265571458	0.0
0.8825674745103159	3.8220578666885987	0.5702429992518017	0.18493336489678106	6.242855469438624	7.318520699228559	0.0	-4.257226228713989	6.90378105868068	1.4842299454171082	138.158447265625	4.964772342839421	-0.23773385281674564	1.7270557385230394	3.3049241396300686	1.1452859664358288	5.25233063456558	0.6129246815270581	0.03217640845650749	2.4562436850534546	4.589518253893956	2.588035720001374	-0.3890862288451149	1.2485851001822286	3.625103947314723	0.7006161993848097	-3.017236388585082	-1.4005057521555062	-0.22993096118018533	1.6119741948666395	1.580622724145651	3.0494467265833216	-0.4603151758660026	0.7245063000616241	-0.08840362375298347	-1.0714190450593897	-1.001964043778571	-0.8982938192784786	-2.95392169608838	0.7256973256705371	0.42879652445260275	1.8065591338967932	1.0230339345306598	-0.24758139383519376	0.8618890721829253	1.579151227214195	1.7044689508817963	0.3926540060885369	3.10483736246221	3.6131354486134564	0.14152953456215867	3.41000703839393	2.3790590801023517	2.1798813730132895	-3.0436131363791046	2.8154189671203493	-0.9739262083206665	-0.783658816692639	0.9378708596615231	-1.1249708044495053	-0.8486299037604648	-0.8699115736001148	-0.8300498170756746	1.51214758562255	-0.09730851382231541	4.709915403276682	1.6564380659726616	0.03866301461890257	1.2578692879102127	-1.0443640992554142	-0.850418632195608	-0.04835882573099645	1.4405616505819883	3.6847634752272467	-1.448400105275805	-0.128643360081138	0.7808720749251696	0.6428370519335997	-0.05031688123503152	1.9073183468064747	1.7431712864039868	0.590590470924604	0.1426675063434732	-2.8344506155771967	-3.6160756372423335	-3.2921954691410065	-1.3186723401220581	2.3827582015232607	-0.5304460697254892	-0.7227500395327806	2.71592526687497	-0.7549980734361381	-0.21878762778077632	2.9134803067530153	-1.0836614730979215	1.909194934880361	-0.7147834796597746	-0.14212749936641791	-0.13255118395187962	1.551622987768158	2.3238668243047043	1.683070537930989	-1.4535409889442499	1.5406056673036537	-0.325950011893593	0.330667690137164	-0.039187768137171154	4.164648848176003	2.128402313949733	-0.8537108935768852	0.22344916896714317	0.0007028776812008941	0.20854519604594557	2.1421646944547104	2.6509866694360973	4.426548034151395	-0.028418454374078403	-0.5009066452716405	1.2405282370746136	1.3743385381460416	0.210840349191204	1.9702473159564973	2.295229748210737	0.0
0.714823155117471	5.736048867936958	1.881555358247532	0.025680004222826524	3.4793047021202583	7.670652543460684	0.0	1.03147292137146	4.595385554764006	-0.7989190549686037	125.44419860839844	1.568734517602288	-0.3434234934142296	0.06959993218959765	1.8305712762373845	0.8289583445896944	0.2177403730355085	0.7285982364222042	0.08778874847121187	-0.13443347759268903	3.018116132936616	-1.0002711628903709	-1.5060641433375368	-0.6346972332373638	1.9285770634381936	-3.8773813557410297	2.283627325627539	0.2389341216862745	3.7062987182080076	2.9370715673874925	3.7298083952516317	6.145315742355924	0.6143901547360601	0.5589206394680003	-0.6037015294108555	-4.209696689156006	-0.8260471748762939	1.0381898081901928	-1.8174992440475357	0.1496846158668854	-0.4043976780759473	0.3955337515883688	0.7907472860269946	-1.9040730773836751	1.4819656461160196	0.6700342969235146	1.5789551401858108	1.8041504011267708	0.3242034843334785	2.379956362542705	0.5206295305656062	2.118791241908357	1.2678639569025945	2.439516368846329	-1.1156332930738124	1.6303544861450792	-2.1125729513269933	0.3062620377322764	0.3468934656942592	-0.36391523262898395	1.0787587140527677	-0.2172399526461959	-0.24789817699755745	3.211698637937695	1.016229902025607	4.61406469065696	1.8366743160189742	-0.730844444573057	-0.30918515953376435	-0.9249419515812974	-1.4221729740399767	0.20466179533621237	0.747529248521806	3.4976011551104897	-1.2172595298597737	-0.3779357300960634	0.44893762352717975	0.6640580721136372	-0.4494666881245725	1.4123278785511333	1.5376835351115932	1.1899988141126376	-1.2507487711491723	-4.256541477871428	-5.332520939949476	-4.1822981986556655	-2.0621453015495548	1.0128988881002774	-1.4223230003805485	1.6815809259414674	1.5323769936515206	-0.28859196203510934	2.177914547625669	0.37288025288587123	4.165270722682486	1.6035580656636739	-2.9552026698626928	-0.6327076183023075	0.5159951565759395	-0.169596562075407	0.9929323988716777	2.658430217100041	-0.5188258506678989	0.5544691800909198	-0.12752031317815699	1.1493945616109411	0.5374783825317753	1.413533674031496	3.0178634824423956	-1.1071472656140677	0.7257239462817788	-0.7033558902330697	1.229140480237824	2.2291506981729703	3.8256944693252444	2.4495458814005056	1.1461973573774273	5.140568898463479	1.6319065855264112	1.5518201343207196	1.449862355343726	2.4974883489625213	3.1632517390967614	0.0
0.3038504066030794	5.120576198429198	2.352948486804962	-0.11215240381827409	-0.13134373534233013	5.1029938118798395	0.0	5.5417869091033936	0.7725013676616881	0.47540643734150917	22.730712890625	-0.9876509355243334	0.9637452668030164	-0.12297628108455344	0.06030807779336036	1.1659180265009763	-4.712559466560681	-0.7789675856800424	-1.2367355998139828	-2.6346493449751978	0.428021967087103	-3.362188101677155	-2.190203804684046	-2.015674540829478	-1.0267583364556576	-6.496620114696653	6.469258377066365	0.4687519641564791	4.9375203949179545	2.8907874570952523	3.92877067220211	6.381055524619885	1.0114066286125418	-0.271297048678265	-0.7093065454826446	-4.928415625714338	-0.8278201062057633	0.03073905015607243	-1.3467325399733252	0.3077946715056896	-1.4448991436033676	-1.0862259999781414	1.8683907662614667	-3.242339218294696	1.0688041833588122	0.4576334331485659	1.488829974653357	2.3205522851249767	-1.106120537419762	3.109830845878503	-0.6768783936821665	0.22752032355065382	1.1469701176323328	2.9719354576671755	3.457616209927382	0.04160464897751808	-1.0476876763965597	1.744030842439974	2.5198450776584007	-0.41326719422468405	3.2959159072377675	1.3613510628844179	-0.7786754650202976	4.251886088289	1.2324474591145413	1.7927644010051154	1.7815564902489667	-0.5443480245827473	-1.4205357900801858	-0.18731979477641866	-4.000573189073318	-0.021943930499532974	-0.6227788339576223	1.3048581088970013	-1.801561166606252	0.13124026358127594	-0.41938099650298655	0.26331673883359435	-0.22644415146726019	0.5827774704653323	0.7401755770631865	1.390799448694572	-3.289983431813578	-4.197382400268943	-5.522348160379227	-5.164187281453442	-0.8005717683369092	1.101453100483526	-0.4790596892520533	2.8443016802072525	0.46652397404422163	-1.0901050159207932	2.834236271275106	-2.008089118233297	6.672370035248268	0.30136465938849144	-4.75023347574556	-0.9295295288056244	-0.28119793556519407	0.24881647735141044	-0.49205200583106135	2.7673014354902308	0.47920097278636903	-0.7715632138044938	-0.7892969195185037	0.47626643316566664	0.9111580204041231	-2.1438967314362527	2.569213219295288	-0.18125941468429227	0.5008434117371117	-0.6017336489346164	1.229276722075639	1.008899519027416	2.4226103058457373	-0.7344338443875312	-0.01697429465563145	8.995343127273596	0.9300908651202917	1.0961686625907368	0.9429211269362796	2.1611669484915987	3.4007052960805595	0.0
-0.11755520761751315	2.1804096224991714	1.0956380248160942	-0.7785385278070515	-3.331811946757296	-1.1249569207429886	0.0	1.4139581471681595	-1.9336200596557722	0.44990417052959575	-121.87187957763672	-2.0793931185643246	2.044114936562255	-0.04924144528719575	-1.490869849939183	1.125858672879109	-7.8619281162690156	-2.6253236468777166	-2.882363456143139	-3.185873088668342	-1.604388797837917	-3.0212009866283367	-1.9985488185162286	-1.9904669000099253	-3.153362234431351	-5.124573235287571	7.2874816609753506	-0.8102692055960375	2.730812376281351	1.5806245184606975	2.5872909732460974	3.9113542892133135	0.7493667004234863	-1.61299371223976	-0.7536709188561599	-2.9278814756897242	-0.7917585290488205	-2.777986218783316	-1.655275860045933	0.3611692361931764	-1.8363491499271147	-1.698136326553219	3.0596647279089306	-3.109971677625104	0.09099926654582821	0.6027993919196153	2.054661635309458	1.7790821082890034	-0.07616303024459102	4.754927032966619	-2.150063225433056	-0.5350751127042468	1.2930956805480143	2.769458840015215	7.196561342020604	-0.5519970795698463	1.565972654381767	2.6281465701310216	4.676739569972543	-0.4984631489137275	4.650741664405797	3.0984147231026395	-1.4752141285216671	2.742209495912522	-0.21429968673548253	-1.7058741595537867	1.0095765819107159	0.3014507695497062	-1.4524522420469286	0.3625037132060803	-5.643437351276343	-0.5775777139878894	-1.7156011097170318	-0.7794881416741041	-2.2837693237123036	1.2486777221426681	-0.9458047052224478	-0.1675843740418806	0.4204863144435427	0.17146338510927547	-0.25232794408814285	0.41821981837187916	-4.145964687236797	-2.0379265327050065	-3.033972403203899	-4.194994529900707	1.4212741174956234	2.060850762575865	1.851018147953486	2.2824110508859157	0.24822540429685136	-2.2498502505818245	1.3984024119046	-3.0301127333556654	5.00702939883751	-1.0405514033023793	-4.043673846940292	-0.72321866834775	-1.5526641380153041	1.6453515230068871	-0.6765397852726803	1.574716104747175	0.7805041285568091	-1.301313809024683	-1.6938724116486465	-0.9636820622724197	0.5596434284178984	-4.300292023867368	1.1742144622679414	1.1272973635485528	-0.03364892936842416	0.09107892495544198	1.1401723594424296	-0.3148987881649854	-0.17093430316075683	-3.1777285357316334	-1.8338743849375914	8.843588790552547	0.13093762313602147	0.1359626664074533	-0.6780781708026177	1.1659475017048708	3.2243568503963096	0.0
-0.26217760033153586	-0.971888819884728	-0.9819953400068558	-1.7529428173466162	-4.479025664481711	-7.467197009495327	0.0	-8.243376731872559	-1.798743633669801	-3.8072017436397485	-206.22821044921875	-1.7498296517676826	1.8579083690303377	0.12363186218710832	-1.6746153787232292	0.20548262150890856	-7.798187822246402	-3.0039443675610986	-3.4328599323962408	-1.5904711110724343	-2.2148032334727654	-0.7579112928952016	-1.1936603923513063	-0.7912139391945204	-3.1998666719116016	-1.0525947652220864	4.94392657307563	-2.2377012853172666	-0.8837226359906156	0.6436368373257143	0.7037171671390533	0.841882342948649	0.33934214914386923	-2.8510831404239574	-0.6691148869629325	0.20689246400651348	-0.34287110083096195	-4.527596041398204	-2.0664198354093566	-0.3549888704882096	-1.059648559643672	-1.5502994306709454	3.1765125632983415	-1.4204172053323265	-0.9164926881398209	0.22276521835363272	2.882659016776893	1.2430741100439004	2.3243269635296544	5.103078538290808	-2.306080870962108	0.08210496057475371	0.7844572244759869	1.439743628219658	7.264166598669206	0.38362618897110223	4.23336286295671	2.668185476801572	4.054015281007571	0.014270391390227632	4.869318198537877	4.225540689510725	-1.186603060142062	-0.2762557391482899	-2.3117912208004823	-3.4268805091269314	0.15046113671570863	0.9254022023642505	-0.4839885077683838	0.056148522707842916	-3.869936548324453	-1.0385969456923068	-1.719782605492929	-1.0537021840931078	-1.6557371048108926	2.0894872013544017	-0.7326264786058847	-0.4292143431602646	0.7613970292534898	0.2736282292393874	-1.03769581728414	-1.4142444582640632	-2.871804105492417	1.1434509300342344	0.6086328126151453	-0.5987710635935035	2.7005126651028077	2.111063269322569	3.2984498812485548	1.0396825046539306	0.4649279609386962	-2.250266350110107	-0.6671662700653692	-2.562724600587271	1.307229917339918	-1.3886574556890992	-0.8486341631440358	-0.00252295345504642	-1.9729032966746156	1.278195163069921	0.3762384184704321	-0.20318045761886533	0.359477874900734	-0.943024735537848	-2.0139930376204953	-1.7522799200028565	-0.20842174184065135	-3.3609393966943024	-0.11213393221641409	1.2941046884521772	-0.36068670268662484	0.6844579155843419	1.4598213413899594	-0.6500597658977544	-1.5780476246960462	-4.069550077219804	-2.2162460852847543	5.64392673004132	0.16558101104089507	-0.6725633210982337	-1.4482417920574184	0.11041053370028348	2.5988991189215866	0.0
-0.028873595641105955	-2.090889360974817	-1.9626743198222631	-1.9643263116038658	-2.6457739885341613	-8.99294832774571	0.0	-13.333710670471191	0.30618858709931374	-8.393372950240456	-164.35598754882812	-0.15318583840200184	1.3098881460726262	1.5778076370831493	0.31677400920218624	-0.9268484609313759	-4.220331450145712	-1.4341518141759129	-2.3949152076238533	0.5484358212186231	-2.2648174293015315	0.9919832635808874	-0.5652447644299436	0.35790521794497365	-1.92964131453492	2.1746500719673123	1.842530575118683	-2.37230349755294	-3.2453220416320843	0.8824256609849356	-0.8114669780824333	-0.9823186613525017	0.2946105224898819	-3.2874590820296015	-0.12650784466799364	2.454222768528294	0.4761517355291289	-3.5825126045181053	-1.713641937987672	-1.3754021839482198	0.25975135248950404	-1.2318864088249055	2.2055523787221407	0.624314967998724	-1.6169624168077912	-0.6871706010359857	2.516318260234291	1.7602775137102793	3.6028025150299072	2.8912327343545785	-0.7681626040292414	0.6562865665459651	-0.21185056387767223	0.07442089673501766	4.203140473745838	1.6861455808067694	5.682176931634206	2.2537521687483237	1.1883745715073446	0.8718879874420646	4.469844464453965	4.457970870769847	0.20073711516699572	-1.7701543082715276	-2.9162771468379085	-2.9284638023527805	0.034437374689572836	0.7938959124803358	0.6618078128820417	-0.8107100344480462	0.44268264086614995	-1.0891649011642701	-0.6292201170976807	-0.030825919035924684	-0.1758376057185824	1.8011861575933377	-0.29281256626657887	-0.521216847712837	0.20515698095564455	0.3015640367606374	-1.4936063131317496	-2.747069389336119	-0.2752571561861606	3.4104538337410886	2.544513902447017	3.620021395942318	2.0443055256665184	0.5532000356099822	2.346307428364279	0.554403681576252	0.12420971702344136	-0.7420278366359814	-1.4717848309492019	-1.7899431247857556	-0.7956288917099729	-0.6022283728554612	2.697453604088487	0.7509551842188661	-1.2909300162165023	-1.4652560673827348	1.276587747173702	-1.2733576862694143	-0.13996706247540577	-0.3032223707523899	-1.466988008020542	-1.0560681614762462	-0.5894574062455268	0.025089743137359618	-0.6149799830376588	-0.09103132863815927	-0.26260160814009365	0.8896611635752308	1.7066077138134441	-0.24900710771444365	-0.9525443015340715	-4.016935710608959	-0.8995049735747798	2.167593400905339	0.9450323766580334	-0.6186850796961649	-0.16241224101077206	-0.2203155814778882	1.350962388462254	0.0
0.38089738071583196	-0.7786839949569719	-0.8838248825892545	-0.6534318846464157	0.959872916023782	-4.902316923652377	0.0	-9.937859296798706	1.640738790958292	-6.961136672774265	-34.56669235229492	2.266275660865655	1.9742204534413759	4.564115766652448	3.742422826380143	-1.270912648593805	1.0934341704009702	0.7493865566158836	-0.5751242862679646	1.418448676555245	-3.2594636040537255	0.4546580952469003	-0.6732344077917826	0.4062069136357744	-1.0375178261627924	2.1823993049758044	0.2088906748427285	-1.080146700966152	-3.54486944689677	0.9077235541961811	-1.4080494203865528	-1.6803154633675195	0.6418051187965003	-2.6477147278157953	0.8193391683419503	2.9441828539224164	1.1038668142573442	-1.0820426760524835	-0.3834201273818811	-1.6017600804254526	0.8432611905866199	-0.9497031355951575	0.9533013023775566	1.6269686979709295	-1.8228501185216734	-1.0836422818200193	0.10335012665807695	3.0342542547289106	2.302371145048846	-0.98433749704996	1.4312227025889515	0.006514361276040001	-0.6670364256269247	0.13770836473300757	1.110712733834681	1.633071668567136	5.389718027774837	1.7559905687207433	-0.8401738464394036	1.3712805299050856	3.897205329920147	3.9035802804808153	1.646995731003197	-0.23538970450115493	-1.0188289978842942	-1.6046096826903522	0.48091031643779164	0.19136197713488245	1.0993033596596709	-1.1962618947825046	3.894186917440714	-0.7775450386938919	0.7209110983211802	0.369224368705662	1.0055374687626248	0.4499807553319721	-0.35697356119853296	-0.4345149180015265	-1.023087936105097	-0.22995010855100675	-1.7624593277041818	-2.440513688424402	2.0109614947485546	3.726948438060075	1.6293031853962352	5.549716975922896	0.2013999560040509	-1.3229907122525302	0.009527710661039515	1.2034609434604644	-1.0447888132023708	1.0079575437106896	-0.45919059194354894	-1.8593283354642645	0.14961202395688586	0.43292655164841565	4.408301141393745	0.997244501660404	-0.2685575861720118	-3.8839279782178617	0.828392412461574	-1.1275143661628386	-0.12817713671496936	0.21587114237644822	-0.4738507911948294	0.6538133171895548	-0.2786917853745676	2.9841196176409723	-0.6250800338284722	-1.626205200920879	0.1309067126643914	1.0435517853878151	1.2691480396510837	-0.2331728603248879	0.4060894761048257	-3.6591096801310776	0.7065169260252354	0.11347649897090517	1.5620578143883634	0.22683203566791207	2.2139540391442507	0.5321194257756526	-0.3364560638704071	0.0
0.6116634215097246	1.272484714494032	1.3166562660623315	1.6059623938798904	3.235387199261087	-0.0716559886932373	0.0	-5.756640136241913	0.15041797939274046	0.515797398470599	74.87046813964844	4.387615702350681	3.7496692965505645	6.817864304738726	6.464639338357421	-0.5736093703006585	4.958999112051315	1.8065838503123788	0.7230580180912511	0.7052080992540276	-5.229773473912391	-1.7990671697629508	-1.2549630310208686	-0.4613710179962594	-1.1021393699057658	0.009176900846762554	-0.08517607908557963	0.48711303679278195	-3.0227369427722826	-1.0748245266921543	-0.9987806475311518	-2.6460285322575627	0.8934754254860859	-1.2998884455399944	1.5262151862866378	2.224536693338895	1.0123001093888888	0.5147104756096783	1.2715779561756386	-0.6269401596958628	0.11893472830072427	-0.4939318862946137	-0.1396391018582829	1.3101437658323014	-1.4775938004443734	-0.2755338062603977	-3.155863014507597	3.6231850618644366	-0.5077456490623082	-4.340196744739035	3.0535300088915647	-1.1728145082311203	-0.12098596213425306	1.5681631594822305	0.17799043018991748	-0.058553117574192584	3.4110032510097055	0.9447777422819522	-0.2788244156605181	1.3129486775263244	2.9181798235604575	2.6211853561150593	2.028434851902655	2.367381334966609	1.90038063018432	-0.6904909782460891	0.4387685221866005	-0.218472697300507	0.6475561087647679	-0.4757877014195834	4.117862818913685	-0.44851955004202815	1.3076805796314754	-0.7383199928823961	1.3280666701140857	-0.9406080112220848	-0.9714942450324694	-0.0781367930615226	-1.9528361362580429	-1.0839194139055763	-1.9421931290268606	-0.7616411484470053	3.144390794483048	2.8576207685244452	-0.23771487781777978	4.437850890037056	-1.170623997373761	-1.7878746030005541	-1.270296690322585	2.0332312006950377	-2.1717736923755804	1.5065214387709047	1.2017987277503162	-2.468269031793621	2.1350356911880377	0.7666084754047915	3.9406849068239174	0.732444583928731	0.5811562796693239	-2.9976587424617867	-0.7523997551161238	-0.5960295429698877	0.3057999894213725	0.6230222873979109	0.30746628120541575	2.0613468508695214	0.08826690007533346	2.8682845833897592	-0.8948417567294733	-1.5760967368833827	0.5418064148360563	1.4262444995469055	0.4010204665779651	-1.005511888781855	0.8382232476770878	-2.60266668908298	1.543705131258913	-1.0982426720972245	1.3112792346833482	0.9013995583465492	3.530148437570946	1.7649127198080834	-1.6433226192103965	0.0
0.46155926155130805	1.9999591332476805	2.8552602561503337	3.3421638090366668	1.7590548078271937	-0.11230886834008354	0.0	-9.959700584411621	-3.533698863039414	6.062504432067789	92.97972106933594	4.8651580676911585	4.512778477696702	5.406681619194704	6.647778216314498	0.6517391236588718	5.249104641333577	1.3354840348702628	0.8515905473723251	-0.34014063604451994	-6.190316314822522	-3.6012589834118014	-1.453380739714467	-1.0389409728272996	-1.055148569109111	-1.2394741661846638	-1.0432348920239343	1.1664550374842342	-2.9027090358935044	-4.3213707709753955	-0.07326518023014068	-4.361872908081623	0.5784741222071743	-0.00913126843644274	1.3761411855275074	1.2634407487314414	0.3061382677478832	0.17772632323043502	2.3644068945923613	0.7401174620462169	-1.1313244230790525	0.13866274596016476	-1.3819515885133755	0.6392631849297618	-0.7703324034230254	0.9183840065197361	-4.772054754639581	2.489228307786915	-2.391052206789675	-5.674145921438097	3.770861244479968	-1.129161049242294	0.5717246325897408	2.527956799363458	0.5013431025048097	-1.7697271730937063	0.1543364988809282	-0.7005214951700374	1.0859680746627205	1.193956340906904	0.9734843384255382	0.5246102641245759	1.21771638986023	2.719239718208682	3.246134590223539	-0.18355335021624342	-0.6530649627274182	-0.16109364946519292	-0.11033958852799101	0.7419411684201809	1.9696210632163629	-0.39388532349123406	0.7489339440092712	-2.039411423129773	1.3972004748999127	-1.3291231066744664	-1.4375942954096665	0.586051396015337	-1.7050742338247158	-1.5528422215518372	-1.8135777518664504	0.8793962889096953	3.534559053147123	2.402104023612079	-0.1873506816407991	2.478085335030734	-1.11166646220326	-0.758512742952867	-0.3973883956165637	1.886804173618555	-2.2555041413281853	0.6606183261894507	1.9600342231723227	-2.227028338881457	2.2499196151850605	0.4215402111993171	2.6306336609141847	0.4653796864734901	1.6351776960959186	0.7416360764872543	-2.13225099158827	-0.835641509515571	0.5416511152130413	0.8477679275264198	0.5924809369932988	2.201047731379808	-0.2909097426238337	-0.1993941529840231	-1.6423909597355744	0.08263201291244741	0.740982564347696	1.6526671276929288	-0.01547270997629299	-1.6166418784345358	0.2486545467376709	-0.15636540511933467	2.074617209779315	-2.799510449093695	0.3647337255210409	0.5432141248893458	2.7771213246313367	2.2113514644783234	-1.5855918473431043	0.0
0.059342116489585026	0.8743300730040681	2.835985207891131	3.6210919933969326	-2.596014830343267	-5.17573548933225	0.0	-19.77479600906372	-6.606458956375718	2.3787570349101363	49.61415100097656	3.2558127592384283	2.450082591568935	0.23209860600357832	4.3304142391044405	1.8424219862384026	2.816063134837403	0.47705848164648024	0.2748499648150755	-0.4116018287009663	-4.133658505220344	-3.47799208442922	-0.6735060849168804	-0.4169906875391425	0.22355061793892547	0.17951715109587268	-3.73977731877455	0.8631728275602621	-2.650571956811996	-5.438850947993773	0.47800345039367675	-5.392209690535748	-0.17049814636508623	0.5979944589012798	0.4992811852334619	0.5063015782069921	-0.31954998864239315	-0.704216022287374	2.571327855168945	1.3617204925941147	-1.6326753988734677	0.4954003374753655	-2.9425928314110914	0.633800575407497	-0.11113627147878945	0.9002480597136486	-3.3782693457047817	0.12400561552642593	-2.0673402561410237	-5.18463725615815	3.958786889976054	0.5838709661648387	0.21214420885949956	1.3632381532513937	-0.40786899709039265	-1.7552413733489811	-3.4788013223230583	-3.0608475420661145	0.1612644405925975	1.4090192410344846	-1.9010643058401697	-2.12830252068617	0.11886287283623355	-0.09083234822980654	2.0798090570907797	0.31202822853811085	-2.0553324222564697	0.03733772746763333	-0.5118928418678204	1.1816785571940802	0.09256186102189727	-0.5328379865994598	-0.39985270265959205	-1.5559597476770024	1.9498775911236566	-0.6421402125345027	-1.0687449503005768	1.396531940895622	-0.2944072541002842	-1.2341050476871402	-0.9799778938256934	1.419613461910693	3.805058188381649	2.9536417197682514	2.3435926735401154	2.248941839367987	-0.14187103617105554	0.1225044618953358	1.119064585637238	0.6278132539391518	-1.3349722532517887	-0.20215171080923117	1.4771841741828802	-0.479943485254735	0.0775224203322114	0.2735201833304018	1.8040767548536167	0.5661513242638592	3.262240936590442	3.5638119225758453	-2.261931334740648	-1.891523232151355	0.16287482351898103	0.5284160102767069	0.6683127125789379	1.2682141368867645	-1.2659018340742305	-3.357872897982597	-2.2317461780561456	1.5096749605619795	0.6283213199586958	1.0379841595456059	0.3645568811920817	-1.0116493342444302	-0.0626569888414815	3.107681033980722	3.1677761218201934	-4.924585299732593	-0.5682491035097175	-0.5922200718160832	1.0619883515046313	1.0398498152491529	-0.030101564739431652	0.0
-0.27186243340199173	-0.8943471007240826	1.7410076278313942	2.795154023671692	-6.090469535995037	-9.672982675688607	0.0	-21.583343267440796	-6.680529063942635	-8.012153009916174	25.68170928955078	0.52494095175394	-1.6371297353412957	-5.161086951014261	1.232026497062844	2.678968777947397	0.5904077626173458	0.5049600364392871	0.036595859099179506	0.5240214931468169	0.5550880200243082	-1.9046353451395162	0.8192269007883297	1.0391857249925684	2.238467129175391	2.92087737715833	-6.384167440304601	0.3742698778633289	-0.6753967486824213	-1.9601322714929228	0.04740002155303955	-3.8596903134750415	-0.6518620523327793	0.4831935037323769	-0.29904083426154415	-0.0666939510597228	-0.23555952650053769	-0.057356097816449146	2.2849417422083205	0.9744159330006064	-0.9763504768538679	0.16554851844852816	-3.974966324975925	1.223005951146442	0.17984682046137895	-0.7989225265607615	-0.15283303215342053	-1.9979482909871473	-0.4840003524412993	-3.9964013188276613	3.674733083902134	2.2049077063917166	-1.2283292197275395	-1.4269421184003748	-3.292962699086697	-0.10946435493417084	-6.038196326106448	-4.943624371752465	-3.468650341636556	1.5647803170969021	-4.6381951212590815	-4.331006328262979	-0.21825113558563694	-3.5681800801082804	0.1301460396601038	0.532957877847366	-2.548499647392819	-0.035614643297003	-0.4645062669396702	0.31610543706499467	-0.07992393252710384	-0.4734056908937712	-1.1530057651627343	0.8807123441659256	2.6734550559804555	0.2030203409843368	0.12004174028529602	1.9890236481077086	1.3811472901197916	-0.4451999261033178	0.5912542308260705	1.1692535980673862	3.7519701436684323	3.423660062148384	4.845610669578574	3.7049549481196102	0.4739808580643839	-0.5224177000874822	0.9051373350923344	-0.8625079568624496	-0.3462321630730066	0.09727188268471963	0.7305362851621261	1.6756251106220008	-2.0623521118604837	0.8489108395879157	1.5653060107169865	0.8274782053877228	4.643859591613065	2.353843949193698	-1.3573203574775197	-2.6014796510175033	-0.5866815315087569	-0.5303785862842044	0.9852436212630108	0.2753313608257703	-1.7211196651075236	-3.748326839543879	-1.9381134587115254	1.0484941306201767	0.2402095813304186	-0.45813120358910125	0.8074819932502884	0.36588900816642633	0.7426697843946749	5.1975131891916195	4.3581079111981404	-5.845826819653695	-1.1026983607422423	-1.4042483517109896	0.12847393357877426	-1.3030467203927119	1.7687616125813552	0.0
-0.3264918045616695	-1.8303589772871312	0.4510332992026856	1.7684990552338686	-5.617494399560258	-8.411144597189766	0.0	-6.701221942901611	-3.9481370251418815	-14.475737179147787	52.78373336791992	-1.74534588257345	-4.883390542282723	-6.851548002816217	-0.8888051714464492	2.8008236105228406	0.6456704153211186	1.484065814331252	0.8229740979440976	1.4588836656814372	5.110099420653305	-0.3028366613600935	2.1731439073088414	2.1335205482648254	3.2986925690242184	4.313232267338886	-5.844908450709449	0.36709304903506507	3.3442816008526566	4.2979689225002575	-1.0354814488068222	0.24172311133551824	-0.3226863600482995	0.2217453994808045	-0.3676526816841615	-0.31445535171220745	0.5642487005570729	2.499066017613665	2.061108079366386	0.3140068754041923	0.10185888205838	-0.7258561286481394	-3.149288477789005	1.4397215474837062	0.15086889220582836	-2.7460896228487144	2.3518005043773327	-2.9263922926038504	0.5895628131820485	-2.7797256105385775	2.3692959672962015	1.6684864085788529	-2.4592104269483803	-3.5942176181749	-6.00125569537884	1.434506613612175	-6.200114028105005	-4.883140612876296	-6.7481827730422514	0.8923822744021305	-5.796210558672829	-4.819764888799954	0.5571119319433453	-4.6879113241282955	-0.20157888935704668	0.026078057300765067	-1.8370512761754694	-0.3246012608070483	-0.36039243150394257	-0.9783541576235272	0.6897612728549771	0.048246768065185165	-0.950900941540762	3.133683862796891	2.5023963224320185	0.2416920763403546	1.4431775804279612	1.9422448933187684	2.31043037307613	0.11056148463637212	2.1755276940142116	1.184687636453997	2.684249422990929	2.3555218291682722	4.452704209686172	4.275383196005198	0.10062984243142518	-2.1852385209365326	-1.4931686571088887	-1.7637870145738126	0.10003051605821729	1.2408365733444509	0.5980816007566515	2.557382657728364	-2.2025492345022055	1.492263870471652	1.161022516333054	0.8246254165940013	4.161869814449143	-1.9539736033536408	-0.4464390408702013	-2.052343986680281	-1.157872058165001	-1.949161736825526	1.5302123093527966	-0.07124079801054768	-0.8451895059319213	-1.2317017855169252	-0.937886889330272	-0.874507037982327	-0.2635335741184091	-1.9262077286212633	0.33208106609282795	0.7807698987866357	1.8908779497351498	4.530229604293902	4.004863705735134	-4.304155115015232	-1.539404039443643	-1.2972541921436929	0.2755857455857128	-3.461159709369304	1.9735105625220708	0.0
-0.1791192273811869	-1.5880777991924655	-0.7142768912798875	0.8465808876129713	-1.7195136883157365	-2.215750800711768	0.0	17.017268657684326	-0.7914367405594223	-9.564070473457205	82.88414764404297	-2.580762572411676	-5.22427734616358	-4.338671212539423	-1.5215297031977455	1.8690244750265617	2.435759481397413	2.4236683399657477	2.440300215212119	1.6062960179039725	6.971820434366447	0.7166992724730225	2.7622445221698864	2.1563691804617657	2.551792936772108	3.435707518309009	-1.3140879984807086	0.7475321284399048	7.29950520747833	8.328152873449856	-1.7406128195524215	4.575847670624528	0.5433456840162928	0.5351256375458646	0.16691243653725274	0.19733533098012612	1.5865490409632912	5.266700104972267	2.049205789259738	0.14883198641695594	0.7358561862204384	-1.746814037659678	-0.24491505604696098	0.6825150968782007	0.0679773768402839	-3.037525536473652	2.644454775472819	-2.976734631000057	0.5575120238519391	-1.4468709604344636	-0.15185974716965916	-0.8618724788465197	-2.3248266339926267	-3.554077510001903	-5.933357424248537	1.5880123929004184	-3.899130558280211	-2.58888248506426	-6.647351230659029	-0.6949644344765068	-4.794734167793364	-3.2520366304713053	1.966140260127769	-3.134385367198967	1.438327805045322	-0.6265278484206647	-0.7567291604692763	-0.3901996163045601	-0.4356994647908993	-1.3326696468607444	1.1749415056326904	0.8128713522483098	-0.07984374111471143	2.935646552763401	1.035994460894948	-0.6037547319186943	2.133958309027208	1.0392975469388195	2.1322274793553	0.0092939088358382	2.6584942492944026	1.7880315140644012	0.6522512955236293	-0.19759272230274483	1.167467972771688	2.0355608828853224	-0.7272396120622014	-3.137187338823622	-3.954016265475144	-2.0917532871365547	0.3818651865792034	1.8062414838165817	0.6955063675725183	1.9103537099683179	-1.2431764737898563	1.0488506469409913	0.1437562108213935	0.5842465452658825	1.2748428861429888	-5.26342882569013	-0.06894358486352482	-0.855597395654563	-1.3975034885389626	-3.08673537760545	1.6949024817296143	-0.06016452358150199	0.7945802979348671	1.6483364691212774	-0.3263309612356383	-2.2353807290865912	-0.6554111671103264	-2.327493514525346	-1.1312605264511975	-0.7767123952318551	1.9405905322358012	1.7390518730382125	1.3766830484166221	-1.1509600096138624	-2.3434836410537914	-0.9582528741113051	0.20273369276209882	-4.397739242786518	-0.13482372569851578	0.0
-0.043250706582125376	-0.8579520584905849	-1.8144535647014846	-0.32918178872628645	2.0783904600650707	3.1597541740962436	0.0	32.43581199645996	0.6685990695324209	2.8315078277012398	59.081390380859375	-2.0353706391452224	-3.3129027022514492	-0.6303136916397962	-1.2400296917799765	0.23874297803155628	3.988664128467756	2.543505587002875	4.0585652272020525	1.1070170580099026	6.111668127440456	1.6541746792496828	2.6564562365924584	1.5474485286106967	1.0869676604064118	1.9911928350918986	4.072937989372898	1.0063571316221203	8.187729310202464	6.739722854009381	-1.4512259784340857	6.426980238077761	1.0690486225384204	1.6547292662348518	0.6817547413070842	1.5906507205239147	2.4373063680150153	6.327466748695334	2.0194614072640737	0.4698458848066116	0.9043220464442657	-2.7299495205229176	3.045411566740333	-0.472197261132017	-0.025805983619931142	-1.3658155398416882	1.348500745761666	-3.017380602953453	0.22457435369484036	-0.06215767576315693	-2.7986269799763694	-2.95754958512049	-1.1192971316345515	-2.0659708884723536	-3.2231352772714215	0.8857805730402469	-0.7241388671248966	0.43962751801722866	-3.7699909669018403	-2.246801226106066	-2.5329133037175118	-0.8135374892593884	3.1543319229379123	-1.154395321485477	3.0667297525210775	0.04381276573985815	-0.13467367032031322	0.0034243309788334164	-0.3923759020375784	-0.35985579717461236	1.4799028367710274	1.3059130414174154	0.6987583921542128	0.36804343639539744	-0.7643993619888548	-1.4978305165780395	1.9022298707645766	-0.44173957168329825	1.2430652610541266	-0.5490845204456836	1.5520920409481715	2.1015506899061283	-1.1401403532338836	-2.3843349010361075	-2.009874498561575	-1.734600929874126	-1.070166746167828	-2.4807256441224705	-4.007749089497631	-2.2814387127161027	1.1032082586460652	0.9358135598552663	-0.04883423656976038	1.2728544955051182	-1.6923810761077565	-0.61480598510243	-1.0786734391003847	0.624122331253229	-2.3070283059670187	-4.3762908417861475	0.32848720541321236	-0.6013505963588154	-1.6883497891741783	-3.660873122441308	0.9415389277169417	-0.44863579049542496	1.7425391049612136	2.300281288176775	-1.0174631083319927	-1.7037251139806155	-0.7594108754588712	-1.5493413993300726	-2.70681223239411	-3.152936015442266	0.5777137297950685	-0.7844826861719291	-1.9587039588544475	1.0477232200136553	-3.392651317572152	-1.497843604499587	-1.1334452527134042	-4.149890492105832	-3.201114121185882	0.0
-0.013547643294700193	-0.2486407851690755	-2.5818924112982193	-1.7967320870929822	2.742451789531302	3.1815263714109148	0.0	30.969775199890137	0.4516829260521465	11.605974253909341	-7.500493049621582	-0.7322577965177348	-1.4481899727252312	1.2146201447562077	-0.7776529534819162	-0.8738632513636566	4.276722129138689	2.1043946188646596	4.917994636685762	0.5545821092108747	4.57585757754851	2.852269813674625	2.3304834349706542	1.2185522001048532	0.6901202539399524	2.15382538178803	5.968869657317797	0.9443516019041053	4.884132563984126	1.0953642234758094	-0.7486619955003262	4.99694067871646	0.7071505472289793	3.0638284213603177	0.8322225221204911	3.1958337800231726	3.163256273706793	5.45191038061318	1.844177707076435	0.7247062232060969	1.2312780616120396	-3.780450647264935	4.31133979826872	-0.8842359613705788	-0.437907847439497	0.6551589090565239	0.011094382237958706	-3.314228758866352	0.31279622118445	0.5209686145377911	-3.769479149266293	-2.5630985780486037	-0.20082160254605047	-1.2801077106091756	-0.8298884069528243	0.7389115905552172	1.1829849184776486	1.9972028626791167	-1.6747565989327782	-2.6424685636372773	-0.6838164702370888	0.6629079021059159	3.4498938854740953	-0.5602430586561689	2.759171897344452	2.5472625959373545	0.0751134976937672	0.5409524946734869	0.23747410847231595	0.9840672765878985	2.5656926255874537	1.3045718391742511	0.8892067259611871	-2.1368018748289948	-1.5306431670037528	-1.5207164705647986	1.0625388775350286	-1.6804127856315572	0.309231803658254	-0.9638113855891304	-0.34031623279602796	1.2153193186506752	-1.4269829237606948	-2.300189206601349	-2.221387681974606	-3.6558611192435864	-0.6727385958723671	-1.0806707295504483	-1.448008637812178	-2.2814753221049906	1.9867640067890329	-0.6074813530984812	-1.7389568417195895	2.162361954157529	-4.162684500718317	-2.12027545964811	-1.7289165257450159	1.2553037939978688	-3.866900162799145	0.09656319464015406	1.5446546541466881	-2.001591648210536	-2.3325251855415536	-3.8019838759558646	-0.36378727547286466	-1.3231836406190491	1.2101407584867307	0.5280342049896717	-2.698270075793924	-0.041092815804538003	-0.5644050139573312	-0.4939028141088784	-3.620974514815774	-4.07507306235069	-0.973252116329968	-1.2759298425680026	-3.407414791888969	0.16623277329481564	-3.9105742858998753	-2.923163770673317	-3.0530934195196338	-3.3645390064286236	-4.793802988742079	0.0
0.007870567493011325	0.2989019747494775	-2.4725736184623677	-2.730351947220889	0.20649811562071455	-1.3252806152616228	0.0	19.8392276763916	0.10857849965234184	9.862263486303132	-53.37916946411133	0.6115373133833767	-1.021571326436242	0.9446161499810081	-0.5605455920251493	-0.5414223616875439	3.8266844463647987	1.9578938939335098	4.874952627229504	0.25695744670099685	3.97391670467197	3.6325736693574715	2.069606061710244	1.4560353761077907	1.7570902118266656	4.021133920810713	3.287470147344801	0.8595720513251053	-0.6520825874144107	-3.8419220873603113	-0.7838336305916309	1.7634157112127617	-0.14987128645633208	3.9120073969614633	0.8471147941451423	3.984572117172637	3.9485759459785186	4.04959427666567	1.7583971729502081	0.6135534502508986	2.037730086308259	-4.681811001961646	2.6488438477657112	-0.16694394903815496	-1.3584390926366883	1.2610239763038629	-0.6142923846462015	-3.2840231243402713	0.45468203714381344	-0.5707609947318228	-2.278592656230369	-0.22517607562125674	-0.41121489188879556	-2.279299919197447	-1.2835366770982592	1.523368095047772	0.9308267240835861	1.1369696807029634	-2.68698613345623	-1.6961273769504273	-0.22764659722835212	0.3936191721387753	2.7526169322516725	-0.7766613070412745	0.8079169091882465	5.16796302376315	0.2705081746300653	0.6836578520903697	1.4078006475453613	1.5251136972094037	4.41826246472428	1.1680726492153504	0.6333181088187823	-2.3386247039114663	-0.9571264617972903	-0.5166748078208011	0.2235317100979844	-1.7962809403000746	-0.26485579222221584	-0.7790583889350712	-1.5301264504007264	-0.47719938154447794	-0.2343946595789579	0.05521373327546083	0.2600759548050436	-1.8589320459934038	-0.12456501074296107	-0.3558909265832467	1.5333850275788268	-1.5315398740489037	2.0245204508215355	-1.1932774827838308	-2.90222526461762	4.220811586860007	-6.079443204866237	-1.9396515463944524	-1.4437364211706358	2.0592345266087806	-2.315796989308142	4.622160053376087	3.301035985850343	-3.8996984567288515	-2.9900545351147008	-3.548187391453418	-1.0106467231337366	-1.7585876601979906	-0.14084764222304028	-1.6157206374080852	-4.067410985560253	0.9526954208593374	-0.21885556617491347	-0.1131949731721901	-3.889029631299989	-2.6083216175231767	-1.372276149392128	-0.2509062349144369	-2.0028445097336243	-3.5716861647596727	-3.2149030844922417	-3.850236960432746	-3.8984197043674254	-2.3450935183655375	-3.6139219320778335	0.0
0.14348936569529613	0.9433844026397257	-1.5032259936516101	-2.250872962602245	-3.33236633526518	-6.001234986952373	0.0	11.22057294845581	0.5720224988957247	0.9574277524290413	-47.04042053222656	1.310040274836427	-1.4759838191326708	0.43955678267534387	-0.8009460749775927	0.5752520409177047	3.278538211549401	2.4992237236168418	4.352661889162846	0.23423667826034406	3.905454572452151	3.138109953886775	1.7862296600004957	1.7294153258806528	2.907210481141148	5.5461064569951946	-0.5133121500964518	1.0607319338116965	-4.86536952361904	-4.7929967379404435	-1.7619114128351212	-1.0679814864091481	-0.6285966654488054	3.764382466864574	1.042306828752256	3.532833681226923	4.586178888413997	3.4884552424773574	2.028202124682462	0.3783339546630799	2.919726653231515	-4.691722737652237	-0.3499585556169155	0.854276406425464	-2.3291843560042316	0.3494491906662594	-0.8256112738686093	-2.2874782896112826	-0.0049731319295129315	-2.847380059275115	0.49636386693605056	1.6765287637355781	-1.184621588542805	-3.8857320342012467	-3.763131188275763	2.211784637439996	-0.36245224909560586	-0.8734348906556831	-5.236248736872392	-0.24598358881553548	-0.6130907367764912	-0.5872004048887458	1.643213468507446	-0.16434422643444258	-0.8723364138453127	5.28392502143106	0.2501410368849268	0.2853770321364881	2.3851727983124102	1.1236448051153562	5.541857494550837	1.3869723834261465	0.4225886774270185	-0.53150898985428	-0.05094441558633532	0.780142775026731	-0.20624949212889282	-0.6627761100466221	-0.49147656003780227	-0.11355385064906134	-1.3386238315964447	-1.5282273360889804	1.113830598896596	2.686848167460484	2.3623674022541805	1.9276346078960696	-0.013202249816210149	-0.5475384269248356	2.685867251986164	-0.006224267482757569	0.8172391316697796	-0.09093458271335537	-1.9448628825116276	5.53252834160771	-4.466310794238283	-0.20628807123284787	-0.5447437140514538	2.269914506583205	0.6253784215772775	6.007624127317307	4.123971834597064	-4.418735057115555	-2.976050686650982	-2.6902923870489794	-0.12366664936316424	-0.8404460139354	-1.0978605331143454	-2.146056966409087	-4.198211869796546	0.5532484076987793	0.11267734545042678	-0.46803671236221606	-3.7785891932728406	-0.12705355371206495	-0.6236932839173823	0.42216998131324845	0.6326362895021258	-7.493148259520531	-1.4715196825908843	-2.9240544147747145	-2.9662012507317037	-0.8533046634190462	-0.7350236715626254	0.0
0.3656242906105421	1.2353476904442204	-0.5779252618981096	-0.617073030078953	-5.678688964945205	-7.632853644234793	0.0	8.306199952960014	1.153048701170418	-6.3714520489347395	-28.03879737854004	0.9863464970350722	-1.5990643622353673	1.0310022673504644	-1.3914070021228742	0.7307650070772114	2.368674350833451	3.235371198218602	3.785942899328802	0.6548489804672836	2.9718204446784826	1.7091367610153698	1.3559181026933103	1.5111324119409828	2.69905250107163	4.828441089128747	-0.9907695274662088	1.388362917743374	-5.274575833035005	-2.3835705730098264	-2.333015460193157	-2.1302739116304283	-0.3998010804820241	2.9473760837411627	1.2647891858484708	2.3885927760628016	4.447116526775062	3.768639007340307	2.422223182928024	0.33974078658769147	3.2685521733827696	-3.3140294160963832	-1.9797649292568928	1.082654682023427	-2.4311573386757637	-0.6538222639955524	-0.8936787403772696	-0.43117134775670746	-0.6632009519166068	-4.321355307561772	2.444474571803857	1.643495044833611	-1.3053442599939153	-3.9684624253025906	-4.898559163051723	1.9149272726895288	-0.7081060291013934	-1.6899895220499894	-5.875417893862023	0.7619483977331211	-0.41802870115970914	-0.5035003198356163	1.0357861707479448	1.4548150100358321	-1.179776186806907	2.1726010593702085	-0.5457521699793598	-0.228484222333573	2.3588598048728375	0.616934011043111	4.56322618573904	1.8480376350501593	0.5471298609110514	0.8598192021797556	0.04659305914999947	1.3773522828106244	-0.31690027947746674	0.7431602838717527	-0.5993175501946141	0.3778850807013659	-0.680027185500983	-1.0669645441403566	1.3286115310337179	3.4398384693183788	1.379143994576721	4.0813025446417175	-0.17610799222380566	-0.6043336907909675	1.813686571099748	1.091697256922722	-0.6518650561066544	1.6508986343425223	0.8315819623742917	4.7183083887812085	0.3550512085692221	1.1804251719266177	0.28267228408394574	1.6092733746947168	2.1187119290455065	3.7442588728397737	2.8252060658944194	-3.0150545314693145	-2.122701464624766	-1.3483601240216245	1.7004800217418836	1.0580633499970038	-1.3070866256242706	-1.0675101217627525	-3.5231723854254033	-0.24939636873319673	0.40131406510068524	-0.7687980510124292	-2.9616313876805607	1.387268028667165	0.16369941980810837	-0.1558690629589061	2.1338646165474295	-8.203231323860013	0.38402141133944195	-0.31754086539149284	-1.166229387013777	1.1657473137965062	1.4672552519344857	0.0
0.5305191739662349	0.4680180703193935	-0.5630105476194693	0.8452982693910599	-5.727128035210549	-6.273723579410996	0.0	5.667351961135864	0.8422542413075765	-6.988809105651132	-47.51012420654297	0.15089468350443913	-1.1334512071101925	2.3023993794611375	-1.555499766400169	-0.7365635877632233	0.8945070267581041	3.300291532168647	3.1044312441226793	1.7211532705359989	0.8457094640943451	0.7334284679126487	0.9230983111125822	0.9593814981177055	1.265056779765492	2.058892555431039	2.61328323977413	1.3301392960557459	-2.0051813526340667	0.732431787169642	-0.8747861874103546	-1.2059165522267548	-0.04168495912965613	2.1130118632114474	1.0329320204789978	1.3794343168784051	3.084084401591099	3.814764915196144	2.203359413560894	0.44637612057209924	2.883875374419567	-1.168793439541174	-0.9062651648493529	0.37123579090217496	-1.189805995658446	-0.5252785750975212	-0.41773878170524614	1.467006378585384	-0.26269645906554967	-3.2132423385307542	2.4604365536235053	0.42366740976770717	-0.31028607061776914	-1.7172464311912359	-2.4675765358137363	1.1331547670811415	0.7769552469676868	-0.16267676835267053	-3.435161604162525	1.0448072239265922	1.0869365902095824	1.2744771479288253	1.3781548481563042	2.504317982405168	-1.0081283590411299	-1.8968555650208145	-1.786910024100017	-0.3189218872160295	1.22534443126113	0.6455655061775236	1.8645144749332119	1.7536509362969168	0.8584275399469854	-0.012139523094263645	-0.7634092227422765	0.8509304719829545	-0.5113831058043201	1.0753884900014026	-0.7496590864483048	0.06796286343578896	-1.0146035512580591	0.16644680988012758	0.2937297824987028	1.836782633707449	-2.404200192498551	2.631090440813487	0.04019454239512519	0.2880642952566797	0.4680284269911758	0.2672100908458233	-0.9703993069582353	2.18158408225991	3.076140546343393	2.330582500789809	4.611535077491979	0.49991469375090675	0.4731898144862362	0.5181551610593831	1.0387824760722135	-0.20814455374208993	0.028855364534432777	-1.0571852630966312	-1.0936550333533648	-0.36890386910614187	2.717283583284709	2.355269129440503	-1.410695076379038	-0.006284163780510426	-3.234301105873852	-0.1705143842934432	0.7487753733832349	-0.2343304048878893	-0.7902647763803289	1.6366890880642302	0.27213224618695675	-0.9851392031709353	1.8473043587318687	-3.989985702427534	1.482454160090398	2.4457727915776726	0.295834982956228	3.0199617825073566	1.629225825811071	0.0
0.5491517427484427	-1.2168126954450547	-1.1447503395586998	1.181503795900128	-3.106552116097288	-3.637817490313734	0.0	1.077519416809082	0.06128725161155065	-2.6540783859532455	-89.82014465332031	0.15359895091731937	-0.7167177327908576	3.2594449993759005	-0.23143331577935194	-2.239476897854762	-0.03899016157630338	2.2127512908423435	1.7836247381055728	2.978155271764155	-1.2351504672264708	0.9109419336217264	0.7290382379282067	0.5913711115717888	-0.1006489919562792	-0.9163719937781984	6.638826662964291	0.5536883190998915	2.6992954487567036	2.9750244656094798	2.540930813074112	1.1795424727392914	-0.2574819929784898	1.4878728073387546	0.18830494182943786	0.6586366942556937	0.8032613001705613	2.7308449040409988	0.8171592312050052	0.4657980122582148	1.8809301938511367	0.39205092237587424	1.6715576330594388	-0.4063585222910457	0.764852349758728	0.516051004654869	0.9505777719541121	2.543901926054368	1.5605705590534065	0.1487706519106281	1.188413419831566	-0.3853810094648026	1.0780985467683744	1.5268215636124476	2.12689765523931	0.9488330894103274	2.998056320431219	2.4685130579044356	-0.23727797852103216	0.8418211176391416	3.038944907085344	3.477867089234656	2.0055862253467582	1.8628684844618881	-1.7831180533394217	-3.7535416287137195	-1.9684001148094477	0.10417877348416188	-0.2814034022616618	0.8747368130837013	-0.8555212747934904	0.47186905796213247	0.9867544519753816	-2.3540505973126638	-1.6041622151812864	-0.27855629228415096	-0.9686287093882252	-0.05432133436581846	-0.8848331186204108	-0.9510035733027118	-2.3820982812812517	0.6812938530890902	-1.1042189929220412	-0.8118603728015831	-6.116009755822068	-1.1260262449907366	0.8838377055567991	1.5402953620661388	-0.08150105304637198	-2.402514286518097	0.07264193031341053	0.7130707889659013	2.5639630142955507	0.010310026858232717	4.843706822257583	-1.844257457787171	-0.10977104520338161	-0.4740044952475981	-1.0770901977310459	-3.268352994478719	-2.1133772875166104	-0.19553144038706036	-0.6257610298452191	-0.5643840457002322	1.7389584376059215	1.833172595909438	-1.800887787803298	-0.19713932752609253	-3.6547091137987144	0.8006663915846868	1.2061543474624794	1.1552145382425247	2.429469459696666	2.040180386407143	0.17554243737831712	-0.6573470278580984	1.0895872570920822	3.613720599040389	1.712199221951542	4.0672863326106	1.3321983398236183	3.740618948806561	0.5421403268751289	0.0
0.45225073510316166	-2.4759583498186926	-1.043309463038259	0.8864351652698084	1.8034635131703096	-0.9847572379346404	0.0	0.5109249800443649	0.30687418083349866	1.9548229711322949	-85.06153869628906	1.8166317299540553	-0.6569258539006114	3.585804971194891	2.4996077445463327	-1.6968039751770985	1.004204515761957	0.14486237319668274	-0.5444445335597266	3.210474898873104	-2.031549318869045	1.1495550202708396	0.7001310365402517	0.4486690264364535	-0.7070381556220096	-2.626779278642253	6.902444853302505	-0.7684375104015994	6.116351650462726	4.3824780499010725	5.73700375020504	3.8820051055495877	-0.8630168682641604	0.6647996841830776	-0.8216878389779783	-0.396303114831043	-1.499741612424259	0.5545879373650836	-1.381896906511651	0.45984915573903506	0.24995572107215214	0.816773833706975	3.2867787947024913	-0.4699628346281338	2.151094600848187	1.3283337397181025	2.516534475749753	2.427780437682356	3.266524403208965	3.3906488488558852	-0.06217718532864462	-0.4253128671811687	1.8090499679486594	3.572715763619404	5.3174415489639895	1.2595684543368406	3.9337439771572296	3.702197366254868	1.0066109353347736	0.3470441753282243	3.7150083630755333	4.094290167707475	1.5053736964861553	0.4809099479610458	-3.3230767967246417	-2.4268511234549806	-0.06985032720578149	0.6281636265715959	-1.264818762264431	0.5402991397322734	-2.4579233055984653	-1.563809490987971	0.6828285412037812	-3.569842021262974	-1.6314162933637226	-0.918449802416386	-1.341597347007114	-1.5377876667968802	-0.7806587577107198	-1.736726217254822	-2.793862591104413	-0.04860433024808395	-1.942620315800899	-2.8107861557011473	-6.947800337252292	-4.3041733121760535	1.7881964943070205	1.8256512972441588	-0.10623896020953938	-4.668790472298861	1.2012892080422608	-1.6199995062637664	-0.5162279299756353	-1.4317018583713643	1.3875813604402942	-3.579602099326439	-1.1228089423928513	-1.3569523417305598	-1.8777579298215126	-3.960193722833728	-1.9697671703286859	-0.3690562559353126	-0.5448004539825042	-1.4105753407111743	-0.5604401836396549	-3.589719463961785e-06	-1.7231077426756245	-1.1163041123002768	-3.4450426072139164	1.5656696910135695	1.5968550622703568	2.630579958580291	4.91770647993715	3.4787431166081104	0.6938593847118318	0.6619751787682374	1.17339809882173	10.365923991329394	1.5638782363126262	4.519020744465348	2.6003748617523352	3.0682270430215914	-0.004833393996315343	0.0
0.2755940391028744	-1.9225547145285151	0.45714311656001566	1.2021408191899008	6.997778575154061	1.1019087774412972	0.0	8.298084914684296	1.8686576738125749	4.091524128898464	-4.678759574890137	3.9140919751658734	-0.49997945940122007	3.2009643214040024	4.489034452338509	0.5855921204819019	3.2813589630855455	-2.3034673545223017	-3.51789392792125	1.585654574687834	-1.817374989066435	-0.25972118800279326	0.39753894221023406	-0.0739178161955241	-1.2273802556996716	-3.232360559357071	2.873088112142351	-2.1372462160047427	6.553072327810727	4.850963073858509	6.286406682014466	5.190377065165873	-0.8240062804666884	-0.7968620727472799	-1.4343829805696107	-2.319859679973773	-3.1158372551435605	-2.0159235937045077	-3.202112786885765	0.7619740506563023	-2.056953707120867	1.2338664281735385	2.5939447669303184	-0.0535349278290312	2.2638282453897682	1.2496496383359448	2.8607343226608077	1.288339381653165	2.7612962620823005	4.268575761432403	-0.7380467934740914	-0.6525051189320428	1.525583402396457	3.341021663000474	5.070711430990034	0.6040332519682124	2.516689738851379	2.174772078264195	0.6570062937543673	-0.39935468144764835	2.214520669790084	2.234791543607305	-0.8940922952760225	0.15855495619819765	-3.8056523778723728	0.09489308611955494	2.6573790651914986	0.7931763280863696	-1.4614570866517647	-0.4408004225923019	-3.260601421415403	-3.0264238723433547	-0.041897748099689214	-2.12137628726046	-0.7799843131076722	-0.3009128563917509	-1.1350476867994483	-1.8042960994387582	-0.27288242949501557	-1.2666817599814026	-0.09653295835881841	-1.102743395750434	-1.8348140389456478	-3.3940531414016677	-4.3065762529930165	-5.20745013206849	1.9157814735667311	0.7184576066380197	-0.6604189243862184	-3.92986079454422	1.1278153026868356	-2.7957947101762017	-3.6537418307529554	-2.681471497263446	-2.24504391060156	-2.84082095802878	-1.9543177089262231	-2.4064672620414376	-0.7060147233084956	-2.5907560165018535	-0.12298073353146881	0.20081068067760258	0.16095333219558564	-1.0072628799375993	-2.29253202473809	-1.397794920487653	-0.0835855857247398	-1.1989696580171585	-0.7797089856406995	1.3874144423077153	1.5647443568794637	3.185636694527392	4.786017578163581	4.674980680818148	1.6876998944114894	1.2479729252161147	1.7962763740919356	12.096185758217024	1.4129568956171472	4.424892624642587	3.987354220138101	1.707860751609717	0.7020034146229072	0.0
-0.039150145940047974	0.3232266123762683	2.4757683841654887	2.4111281027712606	9.089032895704532	2.224830303873335	0.0	16.500675916671753	2.663395267807775	3.579527615473188	82.63355255126953	3.6770510992101793	0.05960072072921321	1.3569657853371355	2.933681833902894	1.6839055847825415	3.4448175631739475	-4.401245570220574	-6.123212437334587	-1.0879854220758987	-1.9151942719152009	-3.4104585516705086	-0.507356776623944	-1.4440309688815791	-2.5154604305802235	-3.840210880816052	-2.2362305540729452	-3.1125837564921306	4.081283693997126	3.3805842641603063	3.844811861336231	3.7167022654409463	0.5687404877619084	-2.65596251742875	-1.613466247160771	-4.719232384772861	-4.049945522456255	-4.2401447618309325	-3.557253206335008	1.395983619857153	-4.530677501828625	3.3062754664030196	0.5345454118696267	-0.024520225822925568	1.6722494185719174	0.6749213252950347	1.3315591478120472	-0.35816537568138707	-0.2089885890046474	2.7715444506328795	-1.149652242769449	-1.5588221094526706	0.6944772839021608	1.6407127010062437	2.7442669053609023	-1.8959061415866016	-0.4511082483116876	-1.022887941400375	1.6212075912557982	-1.1514962273806133	-0.5904602745459193	-1.1007905872084383	-4.1977237043367035	1.0887619916851337	-1.9437762512255916	1.1186149049317464	3.3916809675838664	0.5138961991329757	-1.3617959621672828	-1.2315488870154105	-3.994536903586138	-2.9316829618057305	-0.9689735480212784	0.67719754904782	0.34602293868859607	1.2625280111235115	-0.40922323066969307	-0.49644436655660806	0.4900156923175296	0.47862622177796477	5.351530885561278	-1.3773802197114988	-0.8233969917560302	-2.8676472832140756	0.19296856131404638	-4.309418886064369	0.9585035056840602	-0.7416445761919022	-2.0456279963886335	0.07735427119582891	0.008904529040308954	-1.8467397555515805	-4.433065848112183	-4.667120896356306	-3.1535542194395005	-0.05381742994068191	-2.135891970769267	-3.484129156999208	0.9368836095438464	-0.8122618405451608	1.1814353821818628	2.8976561297754664	2.106156629412322	2.0500849654655093	-2.352982743045893	-1.2717826451686487	2.889914450226795	0.22992924675345422	4.51086670833415	0.6922222682720677	0.868808244292434	2.226428900117753	2.070353086095082	3.465254960838958	2.031568595902063	-0.15785689041018486	1.6873789682637814	8.01955359471532	1.1423196207938924	3.824451008328293	4.231045188167347	0.5198325963763447	1.6063601920780326	0.0
-0.5436949013328825	2.4784288604250726	3.369612712855939	3.2623970103314655	5.967033097084532	2.7570689522794316	0.0	10.781468152999878	0.30136612554391223	0.8815670856114092	77.10028839111328	-0.3960258256720037	0.4583591226022691	-2.597091640204971	-2.5457895318847528	-0.6246568575860506	-1.0986648331243525	-5.485371437294969	-7.401245438610204	-2.740649066920634	-2.906926875745041	-6.242233203477645	-1.7611372692246996	-3.2316121854866395	-4.126633609664338	-4.981078219292044	-5.058883133475427	-3.4835743233335053	0.374439653385891	-0.2793600493007236	0.5445146608948708	-0.14612142635874828	2.6912642986033903	-4.03823201338503	-1.800951208874819	-6.395571777268367	-4.711068863194669	-5.578504860320169	-2.4122892087946335	1.7404283809880832	-6.0064118554194765	7.069657284602779	-0.7632031000306454	-0.7020404130959184	1.5607026496517984	0.35318181942207644	-1.066352207979219	-1.811388987515654	-3.4687784398917243	0.9570716181835247	-1.4751292339455315	-2.178184221942155	-0.014985723616870754	0.3006137686948113	1.2645443475269007	-4.901136832423508	-3.0536454436699967	-3.3761271588269164	5.467788951909718	-1.3948514248750754	-2.785114683930864	-3.9154067461992184	-6.187931333465138	1.4784173391076247	1.290804805492031	-0.1350615092960652	0.7639646127704203	0.05191507288685317	-1.568720036854196	-1.0126475443825584	-4.4696365630606545	-1.6525588182006816	-1.7547370508966975	1.9293852198971522	1.011157136824396	2.472399124059605	0.0890744754246303	1.0480851620964518	1.0223214270174503	2.262747949960149	10.146323426790973	-0.9239477336653008	0.7445666842832768	-1.9413621788595328	4.239246871830388	-2.9963920501835437	-0.6966135751107614	-1.2344529412686824	-3.4168986918057427	4.563979074716568	-0.8769983297692993	0.18433577627534184	-2.7282788612541697	-7.0544140851207535	-1.6647173308399545	2.535988587641623	-1.67774798870783	-3.9310769921496185	1.2447876575387278	-0.33891136351388035	0.30965880655037814	6.798477939196995	4.484261868792684	6.6973966635619675	-1.5293738744382201	-0.3459891928578486	5.263092347748932	1.9983739335089923	10.081629538947139	0.30136277395525674	-0.3271273254787409	-0.013705066942538206	-0.946767484287282	-0.3823101870281527	0.9386722594685852	-2.7526020720104376	0.45125548966597157	1.7333416838600086	0.5258447770719175	2.1112267259388426	2.454490384045491	-0.32883965607517845	1.2063445258353438	0.0
-1.0925774997412236	2.673720681733068	2.5520661476335222	2.3831563793258232	-0.4184877403238986	4.455380277974265	0.0	-11.637180387973785	-4.571143200000127	-3.3308953319130272	-33.76797866821289	-6.216070348537546	0.01984118140535429	-7.3396525147457625	-8.445068695710093	-4.7253925526424885	-8.387543530237895	-5.214859654332375	-7.118143505009357	-2.0632646563152472	-3.8556441457915134	-6.5565916574190535	-2.662664452601466	-4.378723552102468	-4.595254271490306	-6.039240346235387	-5.085047641948417	-3.1865802279781086	-2.325160992572482	-4.117097495054757	-0.9597952226996422	-3.936674735874315	3.9769500540287206	-4.254872316316246	-2.2377732077517543	-6.312577830012298	-5.186222840624396	-5.670927502822293	-0.7825485130771994	1.0419377785545725	-5.5910046102526865	10.278786784554224	-0.14022517097847803	-1.359924777361804	2.380810282341701	0.4954676683851038	-2.5731737072563776	-2.3743464101756375	-4.523237903606192	0.7296941901565851	-1.2531439556974417	-1.356080037294074	-0.2567493250649987	0.6335572440251215	1.9154800142001625	-5.877087578214705	-3.8107919891534205	-3.2374917587568595	9.993607989128899	-0.8661275699222147	-3.0604842644320485	-4.724957624450326	-5.414735429074573	-0.1308018737565993	3.5056934602183403	-2.2837933819391765	-3.1479703628028615	-0.3177543062122509	-2.0863321033880267	0.06409642202492459	-3.849447159499333	-0.550970669197977	-2.0292832658630817	0.2341225455523631	0.7368999468901801	2.0877528742213944	-0.29950590968942964	1.1772626934383632	0.8498311413912212	2.642484751993855	10.453996693637842	-0.6894675679350933	2.0819267141755926	-1.1859998139715844	6.233439610593698	-2.008402125852261	-2.4208646822961972	-0.6208749941804192	-3.768109003871174	6.004575197815895	-0.7615867536246604	1.231103001548568	-0.4774248374659732	-8.380833305088819	-0.19408452571878412	3.0845792289823293	-0.9930412694115505	-3.3205202980028403	0.04360487434401441	-1.5176381434119024	-2.182866926431552	9.181696469475934	5.57073327591718	9.78623708046001	-1.418202115942178	-0.20339816783777845	5.06666082458694	2.2560120616853236	12.627857736832109	0.2938985782211991	-1.4774785405926165	-2.471052839134175	-1.7962901279642864	-4.268844699297668	-1.0034889201261104	-4.422233845579128	-0.8448451783766613	-1.5469556999435792	-0.19514939585631644	-0.7152701684443111	-0.3121516084758497	-1.2097990379559915	-0.7050958276061076	0.0
-1.351406120479882	0.6884758138946969	1.1467290006421662	0.07591415644369343	-4.902634852744163	8.913997198854174	0.0	-34.69298076629639	-7.8507393842769995	-7.0202506097226305	-147.51271057128906	-9.307873757214795	-0.7724739198805765	-9.52097797311496	-9.87066807832361	-6.343467338347291	-12.651636425977346	-3.865043620487766	-5.802641463051259	-0.027020672625965542	-3.575431519039515	-4.371758056912945	-2.7309421185174787	-4.250565474570701	-3.23300718762109	-6.08455070801333	-4.112958061143204	-2.2459206862097725	-2.6866413719868394	-5.244874285106306	0.1970990604162216	-5.024297563836591	3.4075621664665188	-3.470274118857676	-2.5585963816887625	-4.478889159276677	-5.051200314308517	-4.516911218321184	0.22163870206309688	-0.6820568180721225	-3.6915148929016204	10.336329972182495	1.5292575984202288	-1.0678047815707163	3.3049470617323533	0.7499093498112728	-2.419154363416009	-1.6816146024872387	-3.086724734141186	1.9436160132123559	-0.10782221728685307	0.42965791486794985	-0.03947349167603222	2.480229781237462	3.3270002164962618	-3.8757802235089183	-2.6477536817335268	-1.1250188506248584	11.324787366477882	0.05760901768835599	-1.6559939749632813	-3.373642761794078	-2.6666340856737962	-2.7775048633455635	3.307670251767841	-3.6661433781846426	-4.545074054247512	-0.5158311698039418	-2.2883845497571835	1.0484629856486136	-2.0919294443384215	-0.5698494618994279	-1.6111314731288076	-2.6665953784634215	-0.5079162873859916	0.12681551233376606	-1.3003715494153452	-0.26442949900450974	-1.7292034976622638e-05	1.3740176183736117	5.451232495110519	-1.1206995757558376	2.1890620477497578	-0.9091822809833265	5.822344212030822	-1.218607032967505	-3.69655247678538	0.06211548356170004	-2.8609738842410555	3.3822979256510735	-0.252921474621811	0.2262084681949601	0.47021104597537094	-7.676669830856103	-0.2085211895594076	1.750981686076193	-0.4474361844569723	-2.099489660080754	-1.2394928884372782	-2.9268080535694025	-4.272203532271477	8.090053268513836	4.401595593784054	8.88641810424374	-2.404375315459188	-1.315052311399628	2.351761013695172	0.5985309112071991	10.563773965424504	0.05703393125385752	-2.0268901221213804	-3.7900729866143172	-0.19597833296218953	-5.145662310039151	-2.3529254960268737	-3.9462434436877567	-0.9934581053378277	0.5053511837182136	-0.3799879637857278	-3.2392004650424826	-1.8028716993054397	-2.1769038307504704	-2.7891056050978866	0.0
-1.0801116025673367	-1.890485146028154	0.6890684412890016	-1.70949157203463	-3.707138729856369	14.792385731424604	0.0	-38.792701721191406	-5.774527507264995	-7.277528181158263	-150.19888305664062	-6.935672556644078	-0.46443260301166445	-6.6984746374276485	-5.114304064494099	-3.2069853571277247	-9.851444612183268	-2.3026000385195458	-4.230687701376155	0.9770787480252761	-2.366080423358126	-1.9161226909075464	-2.1942664086178856	-3.255476240297389	-1.1905720631431402	-4.978781492273459	-3.54859423491138	-0.8692881619121801	-1.1883829565028126	-2.9838911890155737	2.5985834047943355	-3.1351115531936475	1.5427673517472364	-2.4490234172962446	-2.2285369124759162	-1.9894244598890591	-4.0105120309235645	-2.7746330283622704	0.3214150374651783	-2.3930015173378107	-1.7865417393354268	6.909443536260421	2.3079387453829714	0.11877168023385076	3.122488495730704	0.8231671563622476	-1.4433094504273545	0.021465012803673744	-1.19746916706161	2.785290036071962	1.3796889951877427	1.308709670626928	0.4348004962252901	4.395552435458101	3.482853837522344	-0.7983926145359874	-0.6873477580322122	1.071654342801041	8.145924441352049	0.7759956679488188	0.1795282159639778	-0.8175445494310158	-0.2623642313069311	-3.9502551557554897	1.523957036435604	-3.8397636992740445	-1.8374720369954232	-0.5759984178491108	-1.6042506772497989	1.2243796265335336	-0.4411824168385686	-1.3152224067182605	-0.7400945230892397	-3.4990648698369298	-2.185839633383448	-1.9376268608882876	-1.8850774417320888	-1.726791698947328	-0.8774467811864965	-0.33177740808619494	-1.8022597333891135	-1.5514189926676514	0.797660213923476	-1.0937578850914995	3.775825167752125	-0.3960031403280864	-4.056645807816828	-0.0318357374180447	-1.0609893270973432	-0.8291560629513115	-0.4005834437767178	-1.778447088024511	0.014968487358885488	-5.631207256058676	-0.9208596882199039	0.2002542314818129	-0.026020517624984276	-1.183122908580117	-1.2497192071959264	-2.6614840056660563	-4.515659986018408	4.33327928721741	1.8639620351768287	4.692593734045535	-3.099722685558914	-2.3698131942579375	-0.6686577155476525	-1.203480348866433	5.3401980341508475	-0.6413545159984962	-1.8076907832936575	-3.237642859896788	1.8317575664161803	-2.637997645745843	-2.247926384359598	-2.1020492859184743	-0.050322734804953945	5.251694085265582	0.28149268172543357	-3.6308122122603836	-0.8627948042171204	-2.6308048334238783	-3.5155864781034842	0.0
-0.40454170417239	-3.1267090475953676	1.4219098663107341	-1.3734354788064957	1.8364904611668689	17.72922204221998	0.0	-22.37979793548584	0.8590807808149192	-3.1971051800867607	-36.193878173828125	-0.9440586127435826	1.574346594628878	-0.3690426793209342	2.35810831132898	2.124959552952324	-2.282503367891959	-1.424392605070155	-2.9344302128411073	-0.3993264032734765	-1.950256222103169	-1.2707266681162375	-1.7447773649278169	-2.330994982686308	-0.3563266700454827	-3.5240848898922232	-3.054388350303526	0.4994752379898605	0.4444917716462626	0.26347954317375466	4.025882373474539	-0.7093501050095958	-0.025580753656950863	-1.696540226862627	-1.2760379776966162	-0.25646349804568613	-2.552521072604577	-1.5916587311430308	0.04265116720667316	-2.826918376481715	-0.9716600035436642	2.352942011474321	1.118298881416544	1.0732067050373002	1.6086716557407195	0.8005264093629038	-0.9497471999305979	1.978321000105805	-0.853123511214126	1.9001639035539093	2.022564145861662	0.2617388338382755	0.8323198367622408	4.726813448087269	2.1473890249664436	0.5340039262548089	0.7156041941012848	1.9485419875697738	3.1084700305124415	1.2140842464146198	1.4429752233618198	1.5844540786993315	0.2003502830349166	-2.426351301531497	-0.00016364294419185722	-3.185552366776392	2.5532624188115713	-0.49434868537137844	-0.20898141453249586	0.7424134164863976	-0.13191645583641287	-1.617037548394712	-0.014372236916967398	-0.7847556795993256	-3.3468851369051706	-2.3662220701796586	-1.4016546145030835	-1.6381874235852036	-1.017360798817347	-1.0630375119140794	-6.947574044130377	-1.1768271734491607	-0.9305047264726705	-1.2772798811589234	1.4983307749168737	0.37095653787951605	-3.095503851824956	-0.5557653683153065	1.3025360319574	-2.9336797688007357	-1.2367553176272457	-2.5335196395654505	-0.5830741973548107	-3.892736158078223	-0.7800551899591414	-0.16772808377281762	0.48687682820812617	-0.9117330002151566	-0.02057923498883176	-0.302679356317534	-3.1451862390033045	0.8299967044002408	-0.042924670092736414	0.37569218978357777	-1.9372832787126817	-1.7215497512239175	-1.676124341475467	-0.8931680669635534	0.20625736990879323	-1.123073669644823	-1.0859404963751633	-1.323344926063258	2.2033445864030115	0.6130879010668743	-1.0985913523007185	-0.5279036398728688	0.9452121798815423	7.642998610368141	1.2700148041325587	-1.5510071726528236	1.2860829673843224	-2.0082926726627903	-2.555034073974405	0.0
0.2506902020232451	-2.292877197235494	2.161411379685404	0.5497465053065257	6.695508303239625	14.443201805864062	0.0	-3.866519868373871	6.940242627842559	2.4650557251839804	89.5604248046875	3.911313569828944	3.9558496605372055	4.735506956790422	6.876038202495896	4.809690844881943	3.203698601593416	-1.4482427280448325	-2.0969988091674168	-3.095174026461663	-3.476858710465224	-2.307281673861244	-1.7992227442779414	-1.9273080864987062	-1.3061047744278893	-2.611186267361881	-1.7622996454989468	1.3840748613592702	0.8471295052950971	1.7277754915533243	3.224029452085495	-0.4043540091171295	-0.23502232354472985	-1.0268714085538337	-0.3472553058077737	-0.03553370499300741	-1.6553609899274306	-1.7972710411945034	-0.10952652415467633	-1.6079790189497676	-0.8827579232439215	-0.6025746834018956	-1.283203965777834	0.7898811594866028	-0.15590092611901374	0.8369022608932221	-1.21188252686002	3.4026437303613104	-1.8933327169070842	-0.08322677168577353	1.3130841505283501	-1.4477625651255486	0.7978905997987763	2.8337032684180516	0.9296587288680703	-0.6059170756489038	0.9070222710513256	1.6173610686141986	-0.12331083479940015	1.8133202320177284	2.03192931402172	2.7441843604986986	-0.7460286543629635	0.34312432495220685	-0.41651695005917294	-1.7637658687890507	4.658789845193143	-0.2508708880665847	1.021804146271086	0.1976482529225985	-0.9406557048394067	-0.8861613008898519	0.07894696656720564	3.4991204595073646	-3.2664213308266232	-0.7416084683730756	-0.33123043574848954	-0.1194753593496852	-0.2726629931129077	-0.6273413320938592	-7.821143474174189	-0.24618546952578155	-1.2237975626750281	-0.7672767223326439	0.20642687703573095	0.9619547613313265	-0.9336861561206605	-0.49707324349914084	3.910900079092737	-1.31824305921793	-1.6928388443285658	-0.7680326105527034	-0.31999059200999197	-3.2566347544172167	0.5171304643780243	0.6533076308201998	1.059048089398959	-0.6878154356742189	1.3150522521863788	2.4886271455433477	-1.287411243216709	-0.09266996621103077	-0.0753024902365439	-1.503368603638126	0.9295577744600074	0.6977874685787736	-0.40110749857766287	1.7612241962179542	-2.3577177669178564	-0.6098724399379927	-0.23916382361604002	0.558585189421697	0.8678590414094758	1.757515943858583	0.08546302148140966	0.12499540676673253	1.345287699772175	5.004932381314441	1.6785576938375555	1.2669824793596158	2.434687656169448	-0.6045403073227348	-0.86133738681674	0.0
0.5249761283898269	-0.2040115420432652	1.7636755595335385	1.839839568388733	7.205332044591295	6.872570180467197	0.0	-0.8777618408203125	7.9153551370319395	5.677130884137647	123.14408111572266	4.504485455022326	4.463391137949657	4.930710384622216	5.647863026434168	2.9006063437695246	1.9126737394010422	-1.753286986292659	-1.6571065973730583	-4.850699460720299	-5.853889501073223	-3.0819449754697934	-2.055798801298445	-1.6618498408640123	-2.6816629753223267	-2.349229205607353	0.048750559709690236	1.609439750754	0.08440446405765716	1.2912573119556463	0.46256313025951384	-2.346127433266161	0.4841961030006959	-0.05928821266291941	0.03290612966046057	-0.9064529621710251	-1.706684814475011	-3.151987742986935	-0.23364992050660982	0.37457886950347485	-0.2922133807825227	-1.3806155272152112	-3.1059742387145612	-0.48342032394202955	-0.8835324238775595	0.805584103696876	-1.343160102049173	3.9342604318840637	-2.433324227795789	-1.2254664639063249	0.004291020061450395	-1.6243554283347394	0.2645405462698981	-0.3952815808503833	1.1695037393858938	-2.210609225295484	0.27122330851852894	1.1203863813937873	-0.6127489311072756	2.644381331043918	2.3538782175223365	2.3266375123000724	-1.341532372195145	1.872247265754561	-0.39500725119233987	0.6448370302096009	3.0091791239571926	0.06606924034337427	1.2924743440058646	-0.16352532532821012	-1.5126461392721615	0.2770685039728732	-0.3577211611681854	5.679144613991637	-2.10424418818383	1.5763897150754929	0.2959497717936162	1.1916975111392785	0.6816870699998211	-0.05611131654182111	-5.608805071745141	0.20554511901760888	0.37565480306665733	0.6540399172818034	0.10112742067907345	1.442959580466012	1.4080821415074438	0.5295643442056396	5.883339847548533	2.313369179725647	-0.9816364639731237	2.4336715968007723	0.6383779220552561	-2.7993564494943195	1.8946121179756998	1.6605422372638714	1.318863523297151	0.18289339806135715	1.7356763671277398	3.596201765242704	0.3778096269929736	1.2365450106847744	1.1704556737546972	-1.2022806138592066	3.621777434188648	3.1699005062604417	1.3115359887125946	4.360887398719788	-2.2129935341662375	0.6688975427935332	0.5498447161848827	1.295543203327375	-0.4964046658023254	0.5067888347416232	0.7148566608317196	0.5305379221836726	1.3941838948792495	-0.7178733674264871	1.1673007784928713	2.58909071838328	1.7887749899978098	0.5770934471654912	0.3423667426620211	0.0
0.3962752153332049	1.6169082017889356	0.3644285411215745	0.8245782402699644	4.115224218550832	0.9657560181138771	0.0	-11.271641731262207	4.105259590678745	5.10018838787901	58.49968719482422	1.9232273375384725	2.4855186491506176	0.9732272151402782	0.837275591333808	-0.7898139697780092	-4.169477108215529	-1.4919020122998243	-1.3332561205461388	-4.527839221998497	-6.477932166794072	-2.0185389348586638	-1.8282525731367947	-0.9704595595460639	-2.6782574962696124	-2.0460455901690127	1.1098477054525304	1.4015938096812792	-0.8790002942420123	1.0137149108090886	-3.0540088432133197	-4.195728721309312	0.7823332731583805	1.009215367759796	0.05301737766952729	-1.5852584995295667	-1.9014578659189283	-4.475052530796307	-0.6820300267802344	1.6407786331189271	1.2829625895485663	-1.5823632659039635	-3.1685508392714516	-1.4657796834858787	-0.3950145400277835	0.4433886654900782	-0.5539834374972319	3.6887784861619513	-1.1655824724358586	-0.36032360334332303	-0.8138798844353132	0.23821497421770815	-0.3538130051535247	-3.1582467775569847	2.291656174518243	-1.9634859790280461	-0.19704834769733928	1.1168431697445813	-0.4270999673753977	2.866477038167517	2.581616989057772	0.9015550378755461	-0.6713574538970816	1.2149724819534657	-0.8605992597320097	3.343136240495369	-0.18857399131041117	0.26655946691532345	0.6394497847243775	-0.5673463638085464	-1.078653985483421	0.8395579911712973	-0.703249642396345	3.870542744430927	-0.7589891072776582	2.656916426872779	0.13315696867347573	0.9779384430355819	0.9672106726686744	-0.2356405108088347	-3.0108252312433357	-0.2216410536611499	2.1621585220059076	2.200924229761042	0.2938689154795032	1.7326382248201102	2.574724129635653	1.8539669187231498	5.902813382067923	4.724267053723335	0.3395918463209177	4.449094622562037	1.4967571122846168	-1.0036417272156186	2.359369000529542	1.9536637979559601	1.0034475520690556	1.465207538952976	1.0367475618510993	2.6435795559298767	1.8484690761701075	2.3910161786518254	2.0128145541600704	-0.8593468251075722	4.3879767283283435	3.870645247955103	1.4820745802706197	4.104614744223654	-0.9992783462692951	1.553693669940835	1.238009796367698	0.931200112551988	-0.6341977834284722	-1.0952082142738973	0.7986078514158725	1.3064961183071135	1.2940200362215766	-5.3549493151559275	0.3020239921062495	1.749572478596361	0.5316240091163379	0.8068861171796724	0.49315597505441733	0.0
0.09603385055681042	1.9974290449227041	-0.973683583556668	-1.967166577426886	0.5664940823582892	0.6409765141350883	0.0	-17.98667335510254	-0.19432308519673017	2.8098938187648512	-27.721981048583984	-0.4376709612010389	-0.18848466691561044	-3.106248715264333	-3.16175567678313	-2.180902249634221	-8.816537854059664	-0.40308081579453253	-0.6530276169069111	-2.9264573711289645	-3.7931226797509883	0.5710816159351635	-0.8091090205254368	0.08990502421452541	-0.8997093978707261	-0.9844592822825208	0.7360389355156157	1.1081044827347288	-1.5351183433294966	1.9070637426994466	-5.956698058458045	-3.9221387880889673	-0.17108941964353575	1.3837148364474798	0.2766601623339746	-0.9512480871237781	-1.0094764955247228	-4.586039919325191	-1.2868293383546794	1.2324674239076447	2.864953953740943	-2.685841993901177	-1.7853130668199855	-1.1773070963689043	0.27407547795297105	-0.25712361111484394	0.7846794171984923	2.9453109481504987	1.1486997064580078	1.6250586412568515	-0.9862940080943163	2.267725832819466	-0.4947929026595518	-4.064526692994975	2.4825881528432925	0.12955155670642854	0.171573535496877	1.240041852343914	-1.5504444493939553	1.518607816440147	2.4116271637400994	-0.49065600262909403	0.4938147458536872	-0.48077641259398535	-1.7184084624105649	4.355073495942634	-1.804028250006814	0.23341774443733018	-0.10909792203268018	-1.117074304673152	-0.3329647953143796	0.49468029292286475	-0.46045709790013506	-0.24944841779700114	0.11587327671429468	1.7357172541283439	-0.1514381235655473	-0.3518029372444597	0.36087409778772034	-0.8244440563914859	-1.6820693892956364	-0.6516728244321651	1.881750504885401	2.55087579218562	-0.22708356359296225	1.3420871139686799	2.1534692613984183	2.620711028711362	3.490227886428267	4.041823528766632	0.9751379210340874	3.464527217421408	1.8277358700249353	2.2967633757641357	1.9615429406124754	1.3723722332913895	0.3787655892181341	2.1091501356235574	-0.3980071448734892	1.2910805815007798	2.989405168473513	1.3616316081075879	1.3943272048602449	-1.7277824107719504	3.1860080776543453	2.537371365581923	-0.08145270014093035	0.7215617473982274	-0.351916541531682	1.1885910115394547	1.6385087526293212	0.3479477633865407	-0.12228030664520664	-1.2883386042158482	0.40327937092632055	1.8566290946801502	0.4376434843153368	-6.720650962045273	-0.1703411371757587	-0.009062814653258432	0.029915224557161814	0.254530223292093	-0.17341910262725183	0.0
-0.18047668629751462	0.7269837648114738	-1.5470843662449216	-4.379052445589649	-1.8337062270717417	3.6066213250160217	0.0	-10.385491847991943	-1.5658804484539561	1.1197755745258824	-65.74083709716797	-0.7356539264931914	-1.2808632868807763	-4.261985108949418	-3.9589332276577043	-0.4899030317025012	-7.9994565681332634	0.9638648207423154	0.7435066067409934	-1.4334176603842665	0.9935449635798949	3.0248256978830175	0.5417898037908101	0.8504578746253192	1.4287092530521852	0.8078019608377303	-0.4186297092172835	0.8396747078071419	-2.285573303573922	2.367505274547471	-7.153597778081894	-2.0393333516637737	-1.867586689690749	0.5478657839146066	0.8089777719851008	0.9278312930795132	1.1835634836934332	-3.148440973387788	-1.2627278864622995	-0.5994099575940889	3.0702614633159504	-4.214917973007845	-0.23270335958655833	0.08220701462899645	0.05428094202326429	-0.9891711149665744	1.5075814671719732	1.8393325333793957	2.5412503110493727	2.6128872240258154	-1.2741092252191046	2.352222309410868	-0.0797410176111528	-3.0957659379338587	0.7244216101902603	1.8901401519030332	0.9894724916455082	0.6248653857130247	-3.445901512442266	-1.1206174220189753	1.4402005591688036	-1.216920835579314	0.92218150695165	-1.6663162868288492	-2.055818293645656	2.080957647645846	-1.0974324914467535	0.04239986601990408	-0.13955898051305363	-1.4033983335712317	-0.34005604689387053	-0.10897039644715951	0.1976871582689314	-3.086863263450358	0.8148354410179077	-0.21133269825120374	0.1496301650190029	-1.2186088386954645	-0.5005101339825813	-0.7535142050660485	-1.4083793584768678	-0.03179076229691628	-0.6963814701589327	1.1057056555495477	-1.4783859992061148	-0.09018544915402046	1.2385220927246612	2.741761522943323	0.07333923573211087	1.1115126473903656	0.3995697873615008	0.1642598840521603	1.7877767340734947	5.3351243049301935	1.2612932958021885	0.3408216216310393	0.01853540233362501	1.4527423504890102	-2.0405410414478227	1.2650648776528448	3.1625538105437148	-1.512733019171999	-0.23674725023640517	-2.8454372317480723	1.352827676462716	0.42346903229210997	-1.7873562504404357	-3.018433432728052	-0.6761205181993287	-0.07288188653252137	1.384497219155873	0.15895733496066755	-0.46468599096357405	-0.39921691410906485	-0.5723931733518839	1.0351565153400104	-1.7696964246935623	-6.1303482242559015	-0.24187690233466802	-1.1307010061291018	0.07543670464503138	-0.41488403030187376	-1.012648788826274	0.0
-0.40598666505149605	-1.362281455165323	-1.5933754869990728	-4.686576866453344	-3.8158265746971396	4.034219919570854	0.0	4.521334171295166	-0.6321145937157174	-0.040254043094043075	-49.089149475097656	-0.09784436143117443	-0.4739000758389011	-2.9791627476468334	-2.549282672157899	1.4266933141141591	-3.2449475939942416	1.8080592388677952	2.662706442468334	-0.39118083937576525	4.912611024535221	4.022040385812048	1.3915532235134365	0.8162741917056135	2.888123179432647	2.5368838884605345	-1.3423729484831846	0.45827793830433877	-3.4772215706107907	0.4739249362989708	-6.171419262766838	-0.7642909272373477	-3.002719999488556	-0.9333408611648261	1.1013120045593656	2.734337706236818	3.4108406393497717	-0.6992857727100668	-0.07630513943731784	-2.572236740492455	1.7317939664308841	-4.461609049683329	0.45001034357864866	1.1267542755742113	-1.0091932127288459	-1.4586524059525643	0.9544091400832443	0.3475235956055777	1.9121665994029657	1.310304359123807	-2.08826220623061	0.5625595372347605	0.3143568221561	-1.412205319481575	-2.2026098927652296	1.5590474438294768	1.0670601899566299	-1.0514736961189695	-4.10596797352328	-3.355770431558958	-0.35249566626982864	-1.565338901323607	0.5619129677271021	-1.9467703059561188	-1.3554050407821325	-2.5677498769946396	0.05918976050738844	-0.1348554940326178	0.5807020456948778	-0.9406291327376681	-0.9398305248469114	-0.21302539463300563	0.6247960480173744	-2.49898331866967	2.0197908980032753	-1.5620754542449342	0.8167358684499247	-0.659079344611678	-0.7929450086044038	0.3383618207166554	-1.2091502060054564	1.405706350283682	-3.267469143071187	-1.2194406746122044	-2.465284522749822	-1.9495945015887373	1.3465791037507195	2.707026397640055	-1.7836698536145486	-1.6119384001493453	-0.5811774585428259	-2.8669072109052385	1.5630297472060344	6.021147518295102	0.43378134697926146	-0.5774072779575363	0.1341098529573913	0.09616018981662589	-3.284390780901008	2.4104061909886294	2.017578242755518	-4.019687354001779	-1.6234523896579793	-2.5170369686711815	0.029153092783586732	-1.1164833675597754	-1.9960191338367406	-3.942172739356756	-1.3347180981189013	-1.1281745050155438	0.33137302068112195	0.11663511499332693	-2.0749840243504596	0.0453800524948007	-1.9450344338268042	-1.138616147376597	-4.472727382079113	-6.033990548436458	-0.5880428924811659	-1.3258747374638915	-0.6306321178657203	-0.8190821680034717	-1.3667028861652528	0.0
-0.5900004367780308	-2.825125148525352	-1.6656077776260518	-3.0288513828949495	-5.8030368558903955	-0.9574084494795118	0.0	13.10774850845337	-0.24111655933989418	-1.8292978703975677	-13.451120376586914	-0.5156092024740896	0.4271318773389794	-1.6773407470088366	-1.2377151285397447	0.906934024519231	1.0894712323234195	1.8428778770164802	4.342321510717738	0.8631125422539534	5.961084778758063	3.6209743450243006	1.304128152990575	0.2893396078072714	3.177388049331333	3.3761806926537226	-1.8904156117251625	-0.058732173728295194	-4.435830631701464	-2.9376267055118523	-3.522528044581413	-1.2638032707986953	-2.7343244714041552	-1.683981905750772	0.7234593133458093	3.0888011850062673	4.120916743067937	1.9201607973006067	1.7154499954906188	-3.274098082402906	0.2211245303798435	-2.748121245170309	0.1239077902119148	1.1264579021745216	-1.8731828085092488	-1.6177691185489447	-0.31974487123474227	-1.457222098691596	0.050853759246437175	-1.505672072610931	-2.6740672184884198	-0.9925099202091732	0.06362526269493468	-0.2835934071844777	-4.692365646559858	-0.25481567678507416	-0.33447900621368637	-3.0160802927771675	-2.9210462340646806	-3.557740830810078	-2.4386843343888844	-2.2040593053055244	0.5521287089320778	-1.7960024083988544	-0.14764790403113948	-6.258094131393591	-0.18860645607654294	-0.21562756823959528	1.3348499763324255	0.10081465123939258	-0.8044631615583155	0.2280254817912101	0.4640460591765207	0.4222424578283691	3.568421254880608	-1.6096444194721482	1.0598490533520322	0.7018485420967563	-0.32801200628171073	1.5354257246990002	-0.6457390642106332	2.28137153097667	-3.4121040605087445	-2.635028581182085	-2.3263667900729077	-2.7479274134351828	2.6782821478630354	2.6031902044334196	-0.6478470579042273	-2.307707813501358	-0.8304966957166103	-3.4694644652460362	1.0178633449401813	4.181671701701341	-0.6201508098414966	-0.980117775220424	0.28943979680955967	-0.6190258959144518	-3.4369055944592204	3.0220831631314615	0.3395071236825571	-4.3070663503975	-2.0266633290405864	-0.6255313884106956	-0.7359674406783848	-1.708915600317045	-0.6441867572920663	-1.5981176421046257	-1.6389524618099476	-1.3161409861492037	-1.0507943946667897	-0.3256072099544466	-3.5955182818852207	-0.574145080426992	-2.947501781359315	-2.9492253681023914	-5.569228891610861	-6.932683321867998	-1.5514067165829517	-1.437003465997281	-2.5130715860725052	-1.0104667764147985	-0.8555003943354157	0.0
-0.6431142476478937	-2.5467582007541374	-1.8570584641359225	-1.0074786686084487	-6.287137849216766	-8.52179104089737	0.0	12.073660135269165	-1.4717998403227992	-3.688384663955919	11.100302696228027	-2.28509664346597	-0.30772514957934616	-1.4932103722876067	-1.219888234767486	-1.47973342527108	2.635069021866435	1.5313036330811551	5.0934218108450295	2.6150867579159915	4.754302585160063	2.8936751129884253	0.605428243729549	0.0989428276426601	2.9896884494300546	3.226054977381965	-2.5627891743900597	-0.3376595986763576	-4.0207456409135895	-4.809405129044144	-0.6582789279222488	-2.3724114056794514	-1.4143027703870426	-0.7340572887754186	0.11065645802510271	1.9841463875817766	3.1109828697226476	4.018104235155751	2.790634389221668	-2.2298649645460245	0.09560950310566486	-0.44721021364186553	-0.7303797479884084	0.33096823240885753	-1.6953849542454784	-1.5572890444856249	-1.1681905773752448	-3.1368659418224105	-1.2717489400644775	-3.7096863393019013	-1.8978107024681323	-0.6047951487439965	-0.7753760608530698	-0.19396992925776552	-5.882343014382353	-1.3953387312777341	-2.39999609423632	-3.826501628968778	-1.5585683828000636	-1.7139744657098046	-3.933854016305811	-3.065810290846701	1.6484112256988026	-1.3839696158993893	0.5886361089756162	-6.077788382943254	-1.6031541839782437	-0.23802132308036905	1.4121534613001094	0.8676029670048128	0.8394598080902487	0.6753119152714094	0.10169431305627898	2.728814729651727	4.209421515701309	-1.0089516877744948	0.7066703691419696	1.4639388624641856	0.3482083571483107	1.670559513148884	0.019286230526061033	1.7304485163166503	-1.3026485392151192	-2.0107367640716323	-1.2840200154975967	-1.476832917151607	3.7551346769918212	1.772173091227358	2.3129224009433034	-1.1355464623570442	-0.1653198123686767	-1.731008328170879	0.04929876203338305	1.9851407440362778	-1.4919551991614974	-0.7965508992783725	-0.0773503995831255	0.036646536008997276	-2.143741781976241	1.9509483305541095	-0.46829071363518565	-2.5660025772157606	-1.734221981319968	1.0613290048091883	-1.4132922556845406	-1.757958496678096	0.776049170039949	1.4117647838173435	-1.506768616699967	-0.952147659938341	-1.9101145242651303	-1.1311063238580783	-3.3678283094317765	-1.3472327038961447	-2.845915253646672	-2.580902712171276	-3.9195852401817954	-7.1373542002072705	-2.4531371699025235	-2.073536470927524	-4.335363503741591	-1.0251607005439045	0.35258936643866556	0.0
-0.47590269134515106	-0.7253100777784472	-1.892694907171743	-0.13886212091554295	-4.010623204898327	-13.787528957639422	0.0	9.325744152069092	-2.56187618482444	-3.6114116480638243	15.628437042236328	-4.035116437538432	-2.424723822067608	-1.4128024758727744	-2.3415010033298267	-3.1725818205131104	2.3577815876120614	1.5936191027684437	4.974103814311093	4.00497828360509	3.4740823045157003	2.833604886851929	0.010477553054206926	0.736165497903571	2.932526709229268	2.7337590201581965	-3.2826491291876194	0.14500924898453035	-2.215424838088704	-3.6938023648880147	0.8342522006034852	-2.228699735259708	-0.2112197664876779	1.4912959450182128	0.20807230277156832	0.9233069246912974	1.7565822618125821	5.105450956474828	2.3558951219750774	-0.37509614624481163	1.5414887812052271	0.4386515481856422	-1.6483948807704625	-0.3792540284997552	-0.7789227676356812	-1.3578833386000961	-1.0277989910820784	-3.9126877820207957	-0.9758010115700695	-3.7420469419769593	0.27289919257817563	1.217374753975679	-1.509086990843522	-0.8189937767652881	-6.027581474205216	-0.601393605209887	-3.163664076858285	-2.4983527727635497	-1.7786407532060848	0.7247413711359837	-4.025223193789313	-3.0472513638201124	3.066618273462886	-0.40483734655303394	0.4582056767112917	-2.424244439112954	-2.5622759315093564	-0.22874041637202872	0.7829955339130729	0.6696862829751684	2.9970419632421956	0.7728428482690424	0.2394746077783176	2.554839858768183	2.9387534203983487	-0.8239213048600325	0.5283019716287551	0.9731667012655003	0.6196329731538015	0.6967515825693097	0.4848528133668736	0.48503136117596274	0.5041595186111788	0.19890901007859854	-0.2725051272215999	1.1581315814613182	3.0402778454071324	-0.29133702394637195	4.35069653012995	0.23767961075901986	0.5601392883394096	0.3813829720389416	-0.9438238134776129	1.857331526737693	-1.2313762717888135	-0.38162164103705437	-0.9185025208916898	1.4843191323228753	0.04291080105215756	-0.12025580919066141	0.060886876584592076	-0.5945983805826732	-1.4060649478461624	0.9028603336121437	-2.0314017696498796	-1.6316752287454273	0.7076534202411061	2.1996596224233507	-1.308208241236621	-0.7806980187797221	-1.8124644306278037	-1.6938244657089503	-1.3536545203907506	-1.2564065855438427	-1.8983297834917903	-0.20089453160762788	-1.072122218780393	-5.245123742016462	-2.2314856945778483	-2.862184471422524	-4.654978500520773	-0.7167856569202351	1.4864825689366885	0.0
-0.1987226442716481	1.0936065037899159	-1.7353159894798784	-0.6931375179778446	-0.8704127791397115	-14.950900750500816	0.0	9.968234479427338	-1.7477256043089762	-1.3866852501343037	1.7498925924301147	-4.7062846632980815	-4.149754814931657	-0.2735853684243075	-4.159582833286734	-3.003822914223714	1.9202069081168958	2.267060277823984	4.6413175854686415	3.8745909880708767	3.381644828541987	3.5706760305024328	-0.04704466096715618	1.8585298548433742	2.880723849850996	2.5693695787398068	-3.0623017765305662	1.4292655785321782	-0.6779694799961669	-1.928342671195666	0.29006088512390854	-0.6572410054151204	-0.11774815887452639	3.4238676304354314	1.3185256106135448	1.3861772763284452	1.5268757643971185	4.894357058098135	0.9634933770414338	0.5850547598408293	3.2171100418791814	-0.5829757398021393	-2.4437205160009157	-0.4466762415836821	-0.25467382788074705	-1.1700861392486277	-0.35013710298591244	-3.1419569553718683	0.5534562089589805	-1.879928040675053	2.4223820520040706	2.5142549926799442	-1.5850703956130991	-1.58510258906083	-5.6010650927671275	1.258644973114133	-1.3711893060667948	0.4972089711898486	-3.0842762800371823	2.412951895429584	-2.5252379509502973	-1.1620534526683934	3.2025664013692703	0.9939414787941471	-0.0361433003446181	1.2358735642119427	-2.1893284856655435	-0.13594383216369801	0.033487473153556234	-0.234770309200535	3.7988856761665963	0.7285329583228078	1.0379459545820282	0.645376904431833	0.4181598305761341	-1.3698383688852929	1.1363506519558781	-0.159479152111305	0.4225644191622953	-0.2701187187870497	0.7772045504374832	-0.03470312791668679	0.018250311611506042	2.46463373381688	0.19487226847559214	3.169092307023913	0.7632257425822586	-2.897718705643307	3.680701558872805	0.23927155758440494	0.5011072727295997	1.0487603681139284	-1.2698556683399265	3.941850188460234	0.5761498487671884	-0.34399902722798287	-1.5441699126717923	2.476093034222449	1.7980761518006894	-1.6817120674910933	0.7486091609208647	0.0854870468214318	-1.2246490453325671	-0.7297653090478717	-2.1408999469536676	-1.3597693659557564	-1.0269453016065415	0.43648821249604225	-1.3148879854907762	-1.167451797344532	-1.2440419692260725	-1.713016681301479	0.6901941159284198	-0.59194581995805	-1.325879347808659	1.9268028324532012	-0.052819697532889454	-2.074128291423504	-0.7699158046291106	-3.125678053138086	-3.6190067193506716	-0.20093225882473317	1.6367621271737984	0.0
-0.08555238942104551	1.3554993401226751	-1.6759662079865802	-1.7405329657278277	-0.6985433581186101	-13.655215789164815	0.0	8.583159923553467	0.07872397556073135	0.20828305750057616	-18.058496475219727	-4.535312515114106	-4.16802412266843	1.4638499399500922	-6.072929789331094	-2.188300198710563	1.3711716882766238	3.010796994127177	4.451161176752066	2.111630610321407	3.644495211325694	4.374440621594509	0.3239580024645187	2.7195677099693003	2.3471287870008886	2.7807949881931484	-1.2079507552552968	2.7371233843527394	-1.2109859394056073	-2.9467433056345693	-1.6770106682777404	0.6989243952911112	-1.255102632397955	3.6668007160794547	2.584713135050038	3.1488227782206297	2.4441189234039484	3.535201315444125	-0.15049909874796868	-0.36660539670243064	3.5504430937779765	-2.117907395505387	-3.0278708904401257	-0.02449538571296362	-0.8666847774664715	-1.2570787484221386	0.0629243065555722	-1.0233769863252602	2.0824040592335136	0.23573449156823717	2.936339979980424	2.057931836576216	-1.145665775273998	-2.080760550395345	-4.566122220735056	2.358194433376193	2.0035816794023216	3.2631167423821665	-3.28532655887744	3.1299908289392073	-0.24540998979735107	2.027440945742788	1.3929740776275765	1.830267520391924	-0.09313856033112505	1.7685851020505652	-1.1435268908893506	0.048936772719605275	-0.2731236382669797	-0.8451167786286709	2.5195787930357696	0.9106142628734594	1.8330421642724017	-0.8100028660045852	-1.4171291460830069	-2.0801429842312884	1.9311058964630983	-0.9171634426782445	0.14862097642877523	-0.26567761604332557	0.9692730026584411	0.5440165863549413	-1.9706437222896114	3.468556500094352	0.3999937056902457	3.146545025859481	-1.2294448124204609	-4.430648133294149	0.934809974189532	-1.3270975594520569	-0.3240523212280672	0.1780741405758507	-0.6996288094717711	5.905050315490339	2.9506171746414247	-1.0329210218507796	-1.3737852367807493	2.2769012527588086	2.0547285889789686	-2.2367894620266418	0.0008727033340245589	-0.4747334618817319	-0.8712193860278297	-1.8978504309619681	-1.5749679725231795	-0.9572166822317271	-3.149906604204859	-1.7022924454137682	-1.4080602900735264	-1.8648319826836552	-1.091762445566635	-1.6444480861178958	0.9937469864433462	-0.4691078659131239	-2.014265428762883	1.7121684368451435	-2.122302285092341	0.19506004322033663	0.7274218081945071	-2.8695785805413667	-2.727660001259342	-0.0902848788899938	0.5407235992141068	0.0
-0.2509008244986513	0.11219319134731504	-1.7806335367470771	-2.0633475290103394	-4.439128472291409	-11.295180354799543	0.0	-0.8965871334075928	0.536240021387736	-1.0900260731577873	-12.75411605834961	-3.956687600145649	-2.7018456980556946	2.5253010539359653	-6.540112705428513	-1.9916439382247177	0.14925734512507915	2.9563941970936485	3.912268846499501	-0.17348892291386922	2.681346021970545	4.313694315996987	0.8114119840164683	3.0498385318141015	1.207488199387645	2.981903471496683	1.4824871667660773	2.958870482366351	-3.691953146474415	-6.759480205440411	-3.808073418289423	0.5787538496565215	-2.9236592143548257	2.1761557725456324	2.8718225027758293	4.390304938262135	3.219226005137898	1.8007055671845118	-0.46878679238984156	-2.492560514320001	2.137627627668727	-2.572806493338683	-3.255142341877146	0.44955831365502646	-2.1435628139381278	-1.6540991572399784	-0.03500903650360592	1.1179452290137608	2.7133954840331427	1.2099016449701423	1.4450671657135612	0.3893774213853277	-0.7011515157473226	-2.0827202231481374	-2.7739373076744753	1.9408371732383967	4.381244978655807	3.788173019867452	-1.3076110727646773	3.180134504233431	1.2990346736632057	4.516759882022331	-1.3235876811989422	1.309308170759917	0.5905271463042541	-0.4857493923045695	-0.4491089780675006	0.1710232579001613	-0.06980404866896946	-0.4293831937868427	0.39154390175197573	1.306259953511634	1.808872492422974	-0.5341632528862822	-1.3490379537854875	-2.3185035388335806	1.7132449915417198	-0.934352971751527	0.06410273484009153	0.47336184755543026	0.893161478132813	1.2354968910313342	-3.022873664462062	2.9138629963251867	0.6237284740941091	1.6121495605629181	-1.493052018632134	-3.8555815918879075	-1.8024308651180592	-3.279798991538584	-1.2272763096503323	-0.9175741935444133	0.16294974022008266	5.500330341600739	4.160558779606549	-2.099339253723156	-0.572073811908888	1.1806939315637608	0.9843111859995928	-2.5857932601167364	-2.263676171132626	-1.1279386415013246	-0.212300911781722	-1.2772071793099533	-0.8086770393909758	-0.6102180133460028	-4.173666297254108	-2.1483672162890435	-1.2592053968073993	-2.2831543099611857	-1.5243825781089004	-1.9529060167081367	-0.4211179044901986	-1.1188689208179081	-3.335451636437792	-0.4096221449847023	-5.121918078030048	0.38751084533448404	0.9606721675782292	-2.6462288879486024	-2.834947929947603	-0.7838129094838129	-1.0368861424071447	0.0
-0.420903188112523	-0.8920524019528838	-1.6384976057407374	-1.0965518126569012	-7.835318588909317	-7.130782721298082	0.0	-12.1763916015625	-0.8551381255189577	-3.1503616335063147	46.063621520996094	-2.460749809183442	-0.7806287503801286	2.8114766529436377	-3.5722913345981504	-1.672213108918394	-0.7057136286976476	1.7366548782455493	2.3065484339422255	-1.7616582144189763	0.34998071452845697	3.0811184723147007	1.3310878756056177	3.3810316007584333	-0.09267191519832303	3.107509040403477	3.213050497461248	1.653200313607429	-5.926820035940141	-9.366169102434759	-5.109058012038469	-0.22886859323782258	-4.156758744509496	0.2369683922684573	2.0699599731449725	3.6462233489488853	2.830365272879135	0.7303404989449874	-0.6490346570188801	-3.7855213185814955	-0.007433326102984257	-1.8197745662587492	-3.0706489821047214	0.8029277634724409	-2.7954955741270275	-1.7785443126910714	-0.1917216046002962	1.551152480500085	2.5453809951766684	1.0194867969464476	-1.0114360741443105	-1.1346673337772253	-0.41701103875549667	-1.541375086926516	-0.7712843079834876	0.9466060387482866	3.9664058556610886	1.642826359069278	1.3104438238284166	2.356403870745593	0.9448135263085657	4.691131561244951	-3.2414681333994984	-0.03408759537774717	1.5358488817009137	-2.1524086853448807	-0.24419854187594794	0.039873909631732436	0.3530650035515804	0.7429784282730145	-0.6541998260276946	1.5841087814115413	0.9018577116206697	0.7760440631675611	-0.14625752066809034	-2.0217181972255656	0.38365075027658824	-0.5826480178501836	0.04233917306451237	0.9569652359141576	0.37355306571093844	1.1797839409810267	-2.0472578976214644	1.3884303528989452	0.4766785394485024	0.3963220676180915	-0.49924608432560513	-1.8220227040943098	-3.0661215351547226	-4.161502145223319	-1.6179242545701242	-1.1063292744319613	0.44023637323897785	3.1485964100709003	3.338075539926771	-2.6785615892731585	0.20511525191114258	0.05814036744691077	-0.15077506901640722	-3.3138575927506007	-4.229360324840097	-1.0763168809014363	0.3116362194839433	0.46575221268163214	-0.37789601687470387	-0.36131915229180295	-3.7080631104963166	-1.0283947923779488	-0.6924240645149659	-1.7915228106328662	-1.5833250589828978	-2.1086450727978865	-1.8058594915286437	-1.2503555589560735	-3.5909780851006508	-1.680063038567702	-5.551817718189383	-0.6889375511614176	0.06300221976858598	-2.5013326516297334	-2.983681810182719	-1.5156365604526907	-1.7947122869917491	0.0
-0.1606119888317188	-0.06054671467829715	-0.9601701125828224	0.7068555241010406	-5.557986499622781	-0.8973624876567295	0.0	-10.791990041732788	-1.724818165724476	-1.1912892659933403	138.95030212402344	0.5874006179617528	0.9067337870015763	3.5658472679382145	2.855187968289489	0.31211503330303964	0.993466543181548	-0.06884214567619708	-0.17461771084344946	-2.3406472785605326	-1.678429653301187	1.3150013353830825	1.9745802467072184	4.36351322360111	-0.9438882522156526	3.666342825543578	2.911601051163894	-0.4078701304039694	-5.819535688905233	-7.251401479928582	-5.228062785238028	0.07152863976227332	-4.281986956907944	-0.7355952928377751	1.204629356657103	1.4760375101102423	1.632802541658748	0.8303750965379827	-1.4580537661910058	-2.8014463055452317	-1.400146128036655	-0.9719547867855948	-2.7059247510626987	1.1408421008490057	-1.9276700358487238	-0.7536149889588205	0.05560558294025013	-0.4042403938633109	2.3701711937574	0.6466694976089993	-2.973170701436132	-1.7765540400933888	0.01691189093545159	-0.7172183904130727	0.30087950441873434	0.7758218382298946	1.4671047072095627	-1.51536759709401	2.186483832404894	0.1848539394020234	-1.084300093769542	2.9294141434905367	-3.5601543677307066	-0.7373025246861159	1.8520185326179155	-0.4480013695138041	-0.007548190402397838	-0.28905108206533114	0.797789620038009	1.6938106519973217	0.15533532947301865	1.6061437092166828	-0.08931570991795265	1.528363280750196	0.5045378917739505	-1.4647444186381775	-0.5336277321057052	-0.24334960050833554	-0.07445610290721935	0.7300688103632462	-0.35349793266048474	0.8852681113514772	-0.45065074835820174	-0.19397201287607274	-0.46478101712736214	0.7376674435963141	0.13373381248507782	-0.05927173217589205	-2.9651019143856177	-3.4115417770445347	-1.4132693202693756	-0.4754529863187089	-0.09151202291779663	1.49801355204751	1.2805071931426264	-2.1411142921075226	0.6260360759622026	-0.39690687062880603	-0.18276796790201272	-3.6448460269399896	-3.928018132101368	-0.5817120976664207	0.18775623625099178	1.570118960780474	-0.16955494918571465	0.14088102746120887	-2.593317566865257	-0.04865408152341843	0.15271789950543435	-0.012936014911574775	-0.19175748685024357	-0.8786423701094463	-1.475551957564129	0.5385623057767496	-1.7767839574255049	0.1877704377969106	-2.2863247054953906	-1.5599574820468058	-0.4037311499317487	-1.5688350750556723	-1.6508954182448174	-0.6695071190910099	-0.8581241776368448	0.0
0.6118092507019309	2.1587861809003	-0.22274516207016223	2.2451181789995593	2.3408165217000754	4.381425150803158	0.0	7.274926692247391	0.1640055307911502	5.871054748008991	192.70460510253906	4.242450179705131	2.1007209097966553	5.340868566271871	9.262240367795005	3.558329864842705	5.481226438331226	-1.3588741861830849	-2.2557763209333643	-2.3746768891259475	-1.8920775489422723	0.005537033376712647	2.5650968837276507	5.750033997822403	-1.0555283399234558	4.968407195828417	1.135763466027048	-1.814075078469868	-3.536472373908867	-1.714996564719412	-4.301975971385836	1.789987537455804	-3.209228379369685	-0.47405693917832475	1.1441661728780352	-0.11768983934934323	0.7238742960271338	1.5826454802780696	-2.5253934473368442	-0.13836640548956303	-1.3010168804022937	-0.7824614592827857	-2.5413048195794885	1.4631082563295583	0.10283384750622546	1.5403039606924245	0.5118055955459506	-3.453305617920936	2.769833177373356	0.7768249481951244	-3.480050265723676	-1.6998186400012365	0.7994908882452776	-0.13686572148507795	-0.1707896175370975	1.7303790547698736	-0.7458125170828267	-3.3641634836075114	1.0031873787588932	-2.7980535918434195	-3.246151670766603	1.0845105664157906	-2.81661670498186	-0.02078634563481227	0.9710352561242289	3.8012615294428542	0.4484294678417512	-0.46711708527693335	1.3185544552162731	1.681812609459729	1.9032381996512413	1.6109514010529364	-0.3295552448165663	1.0056899760533637	0.14868079575281296	-0.6549389104146769	0.44362569858833234	0.17015993239168645	-0.05791617476764847	0.35351043509527985	-0.6930240678404659	1.473370479127346	-0.11849827449473124	-0.9984168997831672	-1.5009406408273869	2.1567588225007057	-0.3311936143624911	0.3116394671526822	-2.4146149923740805	-1.63770148563385	-0.8771967922662108	0.1167106498600688	-0.7400454511427987	2.238224792533216	-0.4364771368999441	-0.6848839280894026	1.0256753711325821	-0.04561133089649317	0.9393254892983988	-2.3301352867640035	-1.2777299145204162	-0.3124285137260353	-0.3779670901752185	1.1657917071786228	0.4226248708778414	1.2470661265914385	-1.8236816504881495	-0.2615957689285278	0.9583514304638937	2.6877211744045195	2.359042913774379	2.0873136489043156	0.5681609073718945	3.8987936253012236	1.2520947402482852	4.420463692657649	2.191244695248992	-1.7971460391409122	0.8478766886379432	0.8889095527966592	1.115892853090155	2.4488334533601224	1.63465058984501	0.0
1.4118943940532935	3.562298870294848	-0.260418908865927	2.6225671761415223	9.50654154508672	4.518430186169488	0.0	26.820475578308105	3.771168432508906	12.430155093299932	149.29119873046875	6.133107507751532	2.4002536152489484	6.5901589289437545	10.948883909826653	5.461230287620102	9.48063815120982	-1.481864326503258	-2.7892299811937846	-2.276867707128878	-0.9061662207047144	-0.5559131456982522	2.5073654422921283	6.2295463830608915	-0.5991332013449021	6.219948628254166	-0.8002962744346371	-1.7691616037786912	-1.2395502213765397	2.312818393994261	-2.786595090866089	2.9930699432763874	-1.4243060831319203	-0.02992413499374921	1.471633034605381	0.08472104318338822	0.4640424217141117	1.8601256949604368	-2.5873211146228843	2.0389270279840885	-0.23233423430798975	-0.7391561220359543	-2.6842306636588127	1.5139461025509213	1.9642674183900601	3.8526520114203895	0.47122464122219104	-5.1013509319903	3.421414123674636	1.0380979362770775	-2.2819249857630997	-1.2539069328876582	1.5764687788505074	-0.10692048191234765	-1.4419207921383357	2.75909754447639	-1.138984231135427	-3.062836227325902	-0.03520280298064737	-4.739279294755285	-3.977613037222532	0.38449764745764253	-1.9818906424374416	1.38581529497716	-0.7317332948604933	6.931367978628259	0.8259454945710347	-0.2101970228916749	1.9411415375882026	0.8103742925542518	3.0275103764268696	1.7843463611292187	0.20612056429330378	-0.10723176041464193	0.0745508557274228	0.6864507441399711	2.743713725434274	0.8922312756076897	0.48177462999435033	0.5384170805247012	-0.24204398167556992	2.859303969058616	-0.9126863459509517	-0.5412498158529575	-1.0261692832890814	3.1844102245207146	-1.0175470856601279	-0.2948395393111489	-1.9888937735961656	0.09799298775196076	-0.34395664509503915	0.16661176642420042	-0.6059843344127793	3.8182263505867624	-0.9798983773764443	0.8345021475674003	1.839379458440137	0.7567073255777359	2.2549665917211503	0.5039623313864996	1.7777413107740339	-0.3624493800676786	-0.4689610749985169	0.07463092256139442	1.6524407924120796	2.651545415050897	-1.4474867886021023	-0.9853526217676699	1.4688787433246535	4.908371540130738	4.210246045322668	5.252941493482258	2.756334777634877	6.662378014800912	3.5617627476993947	7.6010652167598405	4.431471510678611	-2.0692457899909753	3.277765517381744	4.1625907464291565	3.404875790775727	6.25910191175032	4.694455276748964	0.0
1.6024480672489194	2.5645593443118475	-1.0931597442579475	1.8802590137449178	9.718792863665744	-0.4960296835218157	0.0	28.521114349365234	5.65675477269623	11.447685288714952	43.69258117675781	4.889622626533466	1.399179496470606	5.118368400455734	6.667642227813677	4.166154916431889	8.964614229148658	-0.8083606671698235	-1.9907984019408218	-1.9856296476390627	-0.8631459331760803	-1.1016722953725586	1.3433974667377628	4.539339161054655	-0.025852711322107192	5.862621348671293	-2.1649706651767096	-0.785157456405257	-0.6622733629538855	1.774571931141394	-1.3664628249108792	1.6649702481831177	0.27561319294865383	-0.6395286308561868	0.9838322945610648	1.2297779703807776	0.08515354087103333	0.9582340800248936	-1.0776811213129096	2.11371528065607	0.538871525030615	0.11447176474915899	-2.718817263612239	1.0977079719462224	2.4721320105738327	4.451240232421292	-0.4330528020953475	-3.7725218082408585	3.283372547933719	0.5871364594585149	0.2235189245588947	-0.5296243489826179	1.8005363894111863	-0.242855640782031	-1.9812893900230075	2.5826749036298136	-0.39426033867692406	-1.8923319163067	1.1673684751286226	-4.089051182538071	-2.9932655890782676	0.2372363820762896	-1.4468858037358043	2.213398063560697	-1.9754952810329498	6.17462190851802	1.1023442254551334	0.3030362648512522	2.381679440743873	-0.21744532370529576	2.6360053339520015	1.8463976070765526	0.7886359454188052	-0.7590308369846519	1.4479098495036837	2.4606365837977444	3.9930321264023685	1.7459209415651227	1.3998502967375166	1.128854711320697	0.80237027869432	3.3796600731443767	-0.9174433457344849	0.9763531292342954	1.5709529049609872	2.9499716700237486	-0.8467631381835868	-0.6838541443713687	-1.715632681624364	1.1766268334388732	-0.09094046076131657	-0.038394695420454185	0.4988009906193429	3.018716622490139	-0.7620933078417257	1.6273615699261428	2.8576893174376723	1.406480321872147	2.7553186773864637	3.0273999660600754	3.1495389305704147	-0.23428496620157263	0.5360063133049616	-0.30410721103080374	2.967996727315516	3.4146135575608065	-0.6373612964437121	-0.949381736330688	1.5973141353192	4.907246253254572	3.586274193689948	6.305314063882599	3.5300810823959488	6.785857645548501	4.029221891090274	6.8810062966744105	3.5624766827149448	-2.7888866528639427	4.907919351563409	6.270024320957336	3.4752734098960514	7.896548352307072	7.027963079405683	0.0
1.0486765062283716	0.040247156498405864	-1.5536157544637164	0.9424067382683808	3.602213272587099	-4.993890225887299	0.0	11.401456832885742	3.9597478877339096	2.5951104955426576	-14.447810173034668	1.9276502737623393	-0.40888133412227035	0.8858943517038296	0.48748212659419493	0.9838029507278319	3.542892270643192	-0.2670978299289994	-1.1231541359738912	-1.2584093840861763	-2.6961533194002896	-2.382792579453616	-0.5025703214048515	0.8942897580140694	0.2510400546650434	3.1687439262100003	-2.879008692778923	-0.056526108794933395	-1.200919778748766	-1.11122594812402	-0.5479034099578858	-1.5852683561299987	1.2493865343205857	-2.3274149216235953	-0.7023356016965128	1.5264507483404417	-1.100857743569577	-0.706309597250884	0.8828500184773778	0.6501923878570549	0.1278823896860465	1.7882921788436563	-1.9537322190521387	0.4067762535112568	1.5462798179745139	2.887714186401078	-1.6001434471079354	-0.3518594386543901	1.6095930889158354	-0.6988542056598953	2.9360234352449575	0.3469789311518922	1.417424048888107	0.24121685850353825	-0.9416783606878134	0.9447066460922361	-0.20275298823517832	-1.5652798979335845	3.995860865120502	-1.4258122100438548	-1.2545207482945246	-0.6403826789805529	-0.919154836956797	2.1092794824039354	-1.516273571218518	2.4096320781391114	1.7689127426382174	0.519108002175896	2.183633006669374	-0.8029373273425756	0.9614781975444104	1.3273058610993713	0.7783965971922433	-0.7140593536437378	3.4178150483067076	3.7867296084088484	2.559075296355956	2.1675912603988485	1.792987482762512	1.2730939311611837	1.8391603232890952	1.6443178672266523	0.9173760491980132	2.5476838122285064	4.514943230050531	1.8574542856174652	-0.15575185867039848	-0.3025824033739892	-1.5814103514934748	1.6641848345398902	-0.17770632926471294	0.03702894043995113	1.8780342239395593	-1.1073537627152636	-0.602332629326011	1.5160232410300523	3.298142293929427	1.379601252647782	2.1679597758868736	3.5404929972015493	2.519857031932484	0.29107405965799815	2.0432884200322983	0.41702444135134925	3.5083599765624465	2.85740918096837	1.1542933717636126	0.010014936961233616	1.3594138467042096	2.1993047909643413	0.7411851833664602	4.452406842279463	2.7110818094098486	4.248414971237466	3.2746257805405183	2.8089765911300977	1.8226725107145518	-3.268437298685312	4.28400505879135	5.728387144295442	1.7109268774025836	5.938578784828643	7.515826165676117	0.0
0.29271445411635416	-1.5640429393333548	-0.503261129853765	0.704912312315269	-2.1758421875060874	-3.059551886149815	0.0	-5.23209148645401	0.5405818584064642	-6.561039685175337	40.83845901489258	0.04106758962841514	-1.4589061159524135	-3.346857999884632	-2.0295145129643117	-1.0073896385729313	-2.706616900358645	-0.2959688498013347	-0.907731812359998	-0.07968546715047624	-4.518794105415219	-3.873165162467452	-1.7722102339407926	-2.8010767697629455	0.14137975448935197	-0.6469143211016944	-2.541945585856835	-0.13493293372059303	-0.5855957842274998	-1.490159198862535	0.018962366580963133	-3.5324534470144706	1.4528338499367237	-3.6535197740539593	-2.4113026634018566	0.36452267137756444	-2.489847050754179	-1.8956031075972335	1.5097636136329837	-0.20343721659413275	-1.143910202715132	3.1526443153835726	-0.002452433077168876	-0.14359370872519817	0.1958657552203678	0.6760496766955564	-1.841476011011055	2.505302280571962	-1.1438169265052809	-1.8786414701004173	4.331152778222329	0.9409142720498263	0.91407152889699	1.5583773222597723	1.0397671981517114	-1.1711373634650954	-1.0613162367054345	-2.0282069762667447	5.643721773343928	0.91456987798814	0.25610036050238194	-2.2420777733375252	-0.023459914600712128	1.7299710890347602	0.5985605245013889	-0.9074512075749226	2.932151923602727	0.0924071274483789	1.1333845938760798	-0.8804308236186856	-1.0103805140038398	0.2578213691743779	0.270189432167085	-0.5366783489327912	3.7654049752487078	3.6173023667075848	-0.49095887902389174	1.8180439588919646	0.7859992439584697	0.5480481344472947	2.3916942514844384	-1.549595193956663	3.1928463383089927	2.9135413027227157	4.912387599427761	0.8195514174822335	-0.30789509814956206	0.33142895481803203	-1.6855262801429982	1.8717574793100358	-0.23311339486573196	0.5538081888112285	2.6368488387592155	-5.550595901576819	-0.7384308597871235	0.8936712050461211	2.687574739454784	0.5975409206889924	0.954273901657382	2.334811797712085	1.419661183156826	0.6706117177075082	2.602526120467468	1.3147833283387735	2.920581672828773	1.3667727236246838	3.2838250867002423	0.8159037481248379	0.7958639994263649	-1.4876641100691852	-1.9756329830896149	1.3480586517208184	1.4024560502567491	0.9393218764940561	2.7157281274721026	-1.1636557747237384	1.705905234831017	-2.3963883946606748	1.8610206574753478	3.057349916865033	0.158435277278848	1.9881303187663055	5.613770061199154	0.0
0.008765596213869565	-0.9366588225478635	1.64214284488788	1.0801696344397285	-2.279080588766869	4.819854736328125	0.0	-4.200674653053284	-1.3515843554503388	-8.353208659794824	142.95872497558594	0.240643396884279	-0.5036502585513517	-4.615455099186579	0.3342650378416032	-0.5123720114085689	-5.203409852903514	-0.39113777728712223	-0.651417850254802	1.2992610806668246	-3.476219797749882	-3.9491289265099025	-1.4659623149906833	-4.444771753097273	-0.06921486993127599	-3.3515183772695694	-0.24895852657931822	-0.3534077568811939	2.6248468063311297	2.593721100612095	1.597546430826187	-1.4270220663563549	1.4730718860536758	-3.0145235549103706	-2.567133029451186	-1.1882536836575328	-2.6782271275442326	-1.606181057676187	0.38137844927195047	1.0279657732098157	-2.0152625511599402	3.1382405396982813	2.776708017355703	-0.4241343536433854	-0.41196020137054795	-0.15230883957084382	-0.5547692521901454	2.797893407636337	-3.5596249669428297	-1.9400764769987664	3.4914461063406272	0.8665975599534927	0.630655877468128	2.799039135162799	2.5510374164641507	-2.4228409219905735	-1.779162531337616	-1.4064375426484106	4.1508155903395485	1.2670969662050273	1.4592153059960413	-3.040172326946404	1.2271779238021578	1.540167126954029	2.7235112531150847	-1.360045940578857	3.598699257588448	-0.6666017615222334	-0.536529113380991	-0.7786577704017941	-2.1661040919858054	-0.6720090344474274	-0.1578865256872502	-0.628872975843762	1.5324156471188106	1.868523424924674	-2.420023973815802	0.9995316331493332	-1.3718390935878544	-0.4392564839622344	2.377447804874357	-3.7384622762641633	3.6449819265041876	1.5719756573902495	1.7760700466787966	0.15846414578573725	-1.7336965351224802	0.5330857050689783	-1.8291437469296536	1.9273582198023795	0.3786405186525812	1.3374459391187241	2.453253218470363	-6.312733217612305	-0.8066434346006385	0.3311203908495372	1.4989752431408825	-0.44642641281900114	-0.20259207425944842	1.2784591273209729	1.5631320540394102	0.24800460711940303	1.3716773569101914	1.2741847895265777	1.57225762530519	0.10930505448934828	4.3661402560415725	0.5524414671212434	0.011480991002814522	-3.356673567498465	-2.2770656424184	-0.5418766675731883	0.7320703458874585	-1.209917437297813	2.9515207091066986	-2.0901806520670654	3.1471322917834272	0.13535425282441652	-0.6413415876751835	0.31024217632401624	0.24442965831411512	-0.8290674391432435	1.786993439921311	0.0
0.3001743207204549	0.6721268461895628	3.0477424958733828	1.0281870093128898	1.9252823735488223	11.861188905579704	0.0	9.255850553512573	-0.8734530117362738	-2.9155073988026587	150.93544006347656	0.7540719117475103	1.8396941140992566	-2.738771038855491	3.245361773495747	0.7996197535589068	-3.2282071100183263	0.15517846269572114	0.6693659182928968	2.502591275616928	0.6741104286460988	-1.7627988270232602	0.02670909275073302	-3.636516727582373	-0.04600199811995543	-3.917302045979805	4.049019348428205	0.3030970416578116	7.346280268948065	8.08484459011643	5.168731492698193	3.931466520964345	2.0004783509807154	-0.34069746594004174	-0.9867081219997944	-2.0019050568544485	-1.233788162448036	0.01772457130415284	-0.9356770711640517	3.579359928956469	-1.5378700538068755	1.8383974053397558	5.329988137621598	-0.7855154820344556	0.02800441660885681	0.7791340678290586	1.45004644579554	0.9775302011153794	-4.5827152140152	-1.0117370815616902	1.1121725441768155	0.2779432273514214	0.2874782529490238	2.678853394772043	2.823216354361538	-2.220842437162064	-1.2065300008028068	1.5986187897894866	0.4639676634003134	0.31765178344743766	2.760184225451504	-1.9183908791008701	2.4546937387565086	1.1068459939329023	2.9248246362419437	0.1752382719569141	2.5476235594079286	-1.0485659608201034	-2.352896925358271	-0.8157063142072393	-1.8772342571535625	-0.8401820368084955	-0.21674464519230155	-0.6944802416180935	-1.569789327326275	-0.24203225933384187	-1.7776998276917302	0.3349541148281325	-3.191450442747925	-0.7763868370185548	1.9456237705250947	-3.3705949141713214	1.9354516713628693	-0.7255298026949747	-2.5818020731041376	-0.5476802899197579	-3.0088395888535238	0.4176686005158858	-1.4007466444114254	1.8519701090753078	1.836433778197561	2.2445450268640386	1.678572174154453	-2.9624606091364294	-0.5641028849768037	0.23845025307964535	0.7096935114083446	-1.08538463809988	-0.8472663778533687	1.5596610355342544	3.1518889123814033	-0.7951238107877773	-0.8465185070264774	0.12785966009810423	0.08855885107969416	-0.1179550244722148	3.6635567656585146	-0.4619307390786707	-0.7615795925516506	-2.106468323724106	-0.21239726365573944	-0.39365518535935107	0.8199884615890629	-1.8242220798996671	3.3011326128430665	-0.38614995703101157	3.8861369319763686	3.524968103881066	-2.035441334393841	-0.8826556865224671	1.3913725896583877	-0.9991783771373621	-2.3667222615863595	0.0
0.6060195520523868	0.9617567271870725	2.381556119633044	-0.32605544634840705	4.852803004548905	12.110206161226545	0.0	13.916346073150635	-0.12232282835369308	2.914555912387782	5.253041744232178	-0.43270905821356087	3.463108735019341	-0.3097353916788517	1.9808164203248748	0.912894939532481	0.09090245965493735	1.1576398396538896	2.6245208745021955	3.0752249077514366	4.5141572045783205	1.2781063947659084	1.0741065583691243	-2.053005604317995	0.11878801594520437	-3.5464692482430684	8.344939149309088	1.8204174739787056	10.74735983469513	10.302045906467916	9.900306172937155	8.459255949629448	3.135475327119683	2.562632285494437	0.8042655755568879	-2.3728434913770644	0.4457980073057115	1.68874193088192	-0.58011133638728	5.1851165743672665	-0.14904900318664363	0.2659371744139471	6.459330379238049	-1.6032687747214414	0.7392850403423903	1.747191880255787	2.464919366905371	-0.6741287834824078	-4.5408851774296295	-0.31095199504536447	-0.8838076156057548	-0.29850022834799594	-0.5698005186954974	0.9565869505757725	2.37669081433742	-1.1171068546362222	0.11700131671651351	5.603848018768001	-2.6967383949633907	-0.011772373397428317	4.009261279630394	0.1602017520586165	3.178967412946553	-0.12700966220445142	0.881891548740778	0.9208008411806077	0.014665214084281822	-0.6944668387107288	-3.899633021978191	-1.0557796897183045	-0.4909646777889213	-0.47541990048869076	-0.2409222728786387	-0.3338109921971592	-2.863023048355466	-1.2070921435952187	0.08515455468627466	0.0849553333453329	-3.180669299149338	-0.3989428092067536	1.227375900750642	-1.486516086646348	0.11746660817479813	-2.6217463463544846	-4.684873045676134	-1.6607041804589957	-2.378001712691441	0.7107609015974131	-0.05977747488324925	1.8355820136666299	3.3012421314526748	3.1298083095675016	0.8131995434543113	0.5608351122489018	-0.2822533832127307	0.686765514590661	0.727612461494369	-1.140419362037828	-0.9216545998716532	2.286049549283763	4.671617966807262	-1.5424646276694078	-2.250943692256709	-1.3532612580752028	-1.0894314669963807	0.3497136621779714	1.853312586176963	-1.1492700766585768	-1.2750567526139063	0.6753311306944391	1.8572524735073168	0.4143971351530546	0.9374407900796904	-1.9159662270287083	2.8376712656440213	0.824300125737985	2.327329251408945	6.635996658870807	-2.5317105955823704	-0.639532204914951	2.016136673659931	0.0212902482478069	-4.851944527743451	0.0
0.33317963855964805	-0.7516426553730579	0.38660612491560264	-2.598279812783003	3.4175587030167276	6.472506437982831	0.0	-1.9231526851654053	-1.0271466842128172	3.8543680474675934	-194.98350524902344	-2.6711215344861112	2.98097709887661	0.19315257681490378	-2.8458789002698692	0.2837268932307341	1.6712535207391417	1.499483608637474	3.2495561360992724	2.614940358201663	4.267558000441911	2.5411725151475775	0.3220070229420254	-1.7781828513199633	-0.13706499561667443	-4.153105429378007	9.659908653181736	2.901094612039875	10.679184872636132	7.693179596919152	13.156120945066213	8.412176015727882	4.222910137818844	3.5797511329676244	1.1571957823968304	-3.34138006448948	0.4697815898107365	1.9594676085499763	1.4310915967449547	4.299895167997718	0.6665749793123995	-0.7814750576229847	5.5939710616625	-2.6495252813405124	0.6368691888474769	0.846238061127187	1.4645655427948903	-0.37312943932585535	-4.603524823209294	-0.7692120221974416	-1.1435499380162932	-0.5959499297397477	-1.7748377849918553	-1.1000458886291806	2.341193329975611	-0.19622552558779716	0.591851622056724	7.486239724903927	-3.653782437774627	0.9214445903597263	4.37997573192547	1.030846068908165	3.0752701960589692	-1.7556911986588066	-1.623581630559705	-0.4985275528160855	-2.0622996047448	-0.005515734314038399	-4.857301829293408	-1.3510629199183697	0.7356882095336914	-0.44607256652403704	-0.6922191252162813	0.09047659014889953	-1.617483141639876	-0.6206141987557311	0.6365116065254017	-0.0749600296761146	-1.2911520950397928	-0.21409254249286008	0.3194704631106088	-0.5079755570647145	0.17275259838434598	-3.3272637190289998	-3.3881601374596357	-2.7876149555233036	0.022521853875770843	1.6979877058755268	1.5674332759137881	2.11935374045372	3.445437042516326	3.4957176853402903	0.042304227566611244	0.19940147018142507	-0.32637755647927774	1.3352730617625639	0.9415770571365535	-1.106540440557859	-0.7283386384734689	1.620418088034142	4.246122750878749	-1.5258508083912043	-1.8328934386209397	-2.356236530602842	-1.6960741461126199	0.4916178803549896	0.2808684428000734	-0.9039100946485996	-1.5236348066864343	2.008232317123368	1.64776675623431	0.1384322211647836	0.5087665146464234	-2.4438684339114163	1.5470218951813877	-0.8141683384776115	-0.5457552358573086	8.809715586946561	-2.8795291466845407	-0.22554007893653982	1.4718737525013295	-0.2965785661793931	-4.681733160785266	0.0
-0.46852093457048305	-2.8235803489354163	-0.824197541661821	-4.274846445484595	-0.1614062431010794	0.9067633955606392	0.0	-26.355345726013184	-2.828060123655531	1.340400552955167	-290.24017333984375	-3.223303577938231	1.2836953735444694	-1.1845582126921346	-5.850453566561269	1.0046739415770554	1.413687881062586	0.42429945418624193	1.1714034848264419	1.1974523357219167	0.15773227465325507	0.983799308173792	-1.8653975702744006	-3.2102209734118947	-1.197916499268392	-5.950002967779332	6.924372694061862	2.281213955676302	7.481738661782125	2.875828519573918	12.606050769090652	3.9712054690322542	4.464770870311468	2.32572805604085	-0.013073490048227072	-4.752806856065179	-1.3664625726223676	0.4759402879635277	3.104714380804863	1.5038690121830192	-0.015335853283221904	-1.3287589140236378	3.30574840156756	-3.0790311241923254	-0.6029775305886677	-1.8310608749814106	-0.7365959226074865	1.5733031548914456	-5.188425619573698	-1.9004025111653815	-0.23507180185688997	-0.7804344794343389	-2.527300849801997	-1.9050667024902161	3.262651170801484	-0.0541524696489796	-0.2859236144418405	5.6716493191475985	-3.0630807639921414	1.7405628067185015	3.450832709419627	-0.11009492081726288	2.235906036206703	-2.657244029977255	-2.4068288080555074	-2.5436724412138574	-1.94959621864897	0.28740792316688935	-4.8948898447108355	-1.5063242203605234	0.6015888656728674	-1.178369610226036	-1.4564089604287	-0.3651563042621	0.283298516439067	0.5353546042991156	-1.0234778423850635	-0.5546231922709336	0.9362048976977958	-1.0042563180320512	-0.5837701621702781	-1.5314353178139806	1.6897962334610166	-3.064868474893765	-0.8036858241327784	-3.005820228535438	2.0653614137026906	2.6761911948973482	2.25735078524735	2.5352046439647675	1.8403879006256374	2.640950839932463	-0.6843505795390492	-3.5765353352886384	-0.5556769538514253	1.5773283659131265	0.4756593890488148	-1.5261897509678817	-0.6959949954232173	-0.9153021590914144	1.3526717615459853	-1.4719269675622275	-0.4184693789010431	-2.6885254315150102	-1.5080306937083088	-0.276130115394721	-0.42077905509975694	-0.06003066301345825	-1.810286432119279	0.5344436078981201	-0.7524785493770915	-1.352383674444774	-0.20714958491442087	-3.2822904920047624	0.2842211379576474	-4.269420474469662	-2.2870980934558034	9.954997211805043	-3.10899281848429	-0.456789370869625	0.5405978644455252	-2.601813538169319	-2.771486185358039	0.0
-1.1244019237472347	-3.254261404790861	-0.05071986692312818	-4.011865976188671	-2.037576250573422	-0.5899757373013667	0.0	-37.19487285614014	-3.3036458724074893	-0.052742075303505206	-226.9198455810547	-0.7872886152500856	0.4899689101148397	-2.4551409416247245	-3.3355204443338557	3.420615699119776	1.1217983099755156	-1.2751360269445744	-2.403489633117715	-0.33707594606611463	-3.278996144515881	-1.4599345663178063	-3.600678401731687	-4.720577291956152	-2.5580007852665307	-7.029900530082154	2.554159312888428	0.22122297156319068	3.6369441525822275	-0.4337237054551089	8.519990508317948	-0.7187373515548585	3.7228711212449	0.5523006070325983	-1.329787824486778	-4.848781306354531	-3.108026771713412	-1.5283834195452863	2.6682695422373297	-1.1961187545266998	-1.3640734412026807	-1.7392992039305577	1.0849261472157656	-2.192810388030445	-2.175271612813095	-4.22839527336335	-2.055994998134862	3.3965562807603016	-5.262863373828803	-2.317370495523944	0.1260621455982763	-0.9223913372982115	-2.2994482541812085	-1.1794287544607327	4.569915973327377	-0.32423434846103194	-1.0686188178052278	2.059454973155874	-2.577170380309005	1.0030458630031387	2.036593084163567	-1.584572485080216	1.308792103274629	-2.3489297673501137	-1.127057373309307	-2.6009611067420337	-0.08028633077990824	-0.06190368205674101	-3.7931361856136583	-1.3978946859020605	-0.80961763053327	-2.0002341645702755	-1.8183424221335718	-1.9794544763863087	0.6802250674319645	1.0117758482713068	-3.339147973172113	-1.2401262662862822	1.7416964354935813	-2.4177162924055082	-1.182629526501485	-3.230993134100452	2.518046474852969	-2.406295013383886	0.35625883820466697	-1.7405418881746095	1.9657302277042068	2.618585515293208	1.415268893969261	2.4300514860749245	-0.30842808640484165	0.5268926232848771	-1.2698914157058225	-6.163524127581808	-0.40402626039601175	1.0131930336050572	-0.6971610277612633	-2.2124441915802358	-0.9655415702110796	-3.7058365546859973	-2.5087803664523136	-2.450601900753739	0.22032361721614943	-2.6142608637107165	-0.5242000987046751	-1.531912412817979	-0.7151533387690073	0.7015869011729956	-2.3716960007774417	-2.137552737130373	-3.0480906849987406	-2.6998551797766526	-0.46180031436879737	-3.561663218979108	-0.2537790256738663	-6.154156872828802	-1.63989916001988	10.182484211967541	-2.5434446919502482	-1.0048778478768796	0.12324120846354528	-4.998130467696139	-1.2548311793378422	0.0
-1.029510875175516	-1.9041701214607147	1.745832009390778	-1.8053425661000337	-1.4353378411937268	0.2252968464578901	0.0	-25.879613876342773	-1.8050047651696433	0.7541770678142021	-102.15321350097656	2.5046725293944534	1.4496884369989858	-2.139253287446187	1.9647015525302307	4.924133706905217	1.565324682249594	-1.7608117768606106	-4.413740591684473	-0.8890439088697787	-1.8493421483730925	-1.8712777927143391	-3.234486214330914	-4.444053516544477	-3.019389873698097	-5.578702129585086	0.49189297177794356	-1.5891389251208232	1.6714651793492643	-0.7417343207841947	3.695866286814213	-1.2707302223513774	2.6333270393537753	0.36746381996001337	-1.6011172394116324	-2.332242206935834	-2.6080680358281825	-2.093895945981469	0.5715656347986725	-2.2383306941998597	-1.5169597583003023	-1.9891367194013319	0.3116754456400284	-0.24297964245126139	-2.8596375088283525	-4.52329355477346	-1.0950511900423947	3.7517899854315653	-3.605909195785158	-1.3886810055592262	-0.7899027348697534	-0.647337408470256	-1.5178960278475035	-0.16053614375607067	5.079453147947788	-0.2095982596836984	-0.09471865332770077	0.12283016269735719	-2.850784340982928	-0.7219750318151192	1.4578634150305383	-1.1075483724111463	1.146139347262081	-1.610420580462347	0.38473375136260507	0.0022165426053106785	1.375712834646047	-0.5449516337154302	-1.8179906293693366	-1.0183664478078518	-2.0028926833859972	-1.8361891681887672	-1.2070317731126816	-3.5529985012264427	-0.426100134613022	0.565593516675405	-4.166365527912981	-1.536481558986529	0.669001673405223	-3.247182634173673	-1.2466638717508198	-3.5013480148901626	1.4664062414929349	-1.4790449512955743	-0.19658760019493374	0.5926390815663334	0.3167387266382039	1.2937873005867004	-0.2490790895486282	1.3405121603608132	-1.1675743933482583	-1.6696076344289794	-1.3929710169623604	-4.009160399502885	0.37227292055999783	-0.08542926696827635	-1.6244583136149655	-2.3171254294385433	-1.1420782805601162	-4.708871437388277	-4.821255244911756	-4.282104495431778	-0.7410591467863546	-2.3149678113595873	0.7299218298979746	-2.3666429988419018	-1.1722395842628819	1.0091427639126778	-2.890299422473743	-3.2162067634516984	-3.1032614247542956	-2.864976072639155	0.06421873801863277	-2.7647947075255845	-0.23300374552607536	-4.310243272471707	0.3243756324031152	9.569432899614867	-0.9823495682190966	-1.1778021493960158	0.053756838834086655	-5.280117572545279	-1.6195870281330176	0.0
-0.27555504522649765	-0.38271564711570083	2.6491515070128324	1.0911727009578185	-0.5207470076832366	-0.8335984455687659	0.0	-4.302893400192261	0.06332475223785473	0.6550701260566711	-41.57062530517578	3.4095598219625405	2.7749347652308645	-0.5675542579833851	3.7668745022286014	2.9713084142969315	1.7638921662376672	-0.08449847028440946	-2.969419015949825	-0.15187763119185413	3.5445933821678595	0.30251069787628554	-0.9411299066033342	-2.28858745991337	-1.8644987748357755	-2.1575716633072854	2.305987745468263	-1.7635882037102972	2.1137812901078985	0.7949537075228161	0.8674191514104604	2.8205417132217296	1.8722837676830364	2.0408528866840805	-1.0219208513318596	1.529411563464352	0.12908736216786565	-0.26235725337882404	-1.0358042117622164	-1.6275857536847356	0.3326250315349326	-1.7035217537828113	1.1286131339010053	1.6062240479867669	-2.1576683695866556	-2.958038102797788	1.4092190207250543	2.7493932477775074	-0.6462041325527828	-0.07226224323717233	-1.7844638590488517	0.33195921104578746	-1.0649873075418261	-0.1050281852286383	3.981729818188181	0.5401458072848618	2.219242742327465	1.1177874983155303	-3.2244021769660964	-1.4258216976769418	1.9555147173879694	1.434959881098532	1.9881391590354087	-1.458418489698011	0.1755798265954359	3.1481295921839774	0.9551515894232636	-0.494132809472857	0.15965203248491192	-0.4792371099519375	-1.529311407354308	-0.5637474733753772	0.11135582209941017	-3.2931074844587833	-1.2714096025105506	-0.00357617061622072	-2.9813566191096594	-1.0652814935734969	-1.2355468672908405	-2.67658019211848	-0.7894165142366261	-1.8010492380862393	-0.3538743687212152	-0.10965608269092174	-0.5091256393035027	2.727866605620518	-0.6412813853231265	-0.4181865854358131	-1.4360438219066394	-0.2908666988015175	-0.1459887215269794	-2.386864693222068	-0.9197366501587306	1.2910140520703477	1.158232342295286	-0.9255070286628324	-1.4835229578697793	-1.3009685857883304	-0.6590088116866883	-3.5438952677731597	-4.084571250316846	-5.243537266175825	-2.3585460721803804	-1.7172336873220468	1.3376945278575194	-2.334375653949352	-1.4738072373859938	0.8050885899364948	-2.5957544042760956	-1.6511274312327118	-0.9761125491381253	-2.2445430713347516	0.8259212810259599	-1.2997254153808295	-0.3223397625982761	-0.12277287597457567	1.61650068091965	8.148333505071127	0.6227020610261846	-0.9314326771788977	-0.40200065869672097	-3.358145239034988	-3.3752629097018922	0.0
0.44577613787443576	0.018186805772540324	1.969121373056636	3.2710909113084727	-0.5963660446887321	-4.742251064096179	0.0	10.49512767791748	0.7880348471096821	-2.0698071296872764	-62.198612213134766	1.5497560036368667	2.5577847871696577	1.1026051233381813	-0.3371122201082065	-1.3238034410155322	1.044476591720783	2.5364576223391024	0.5506438115460242	0.9972461202492316	7.517911456633305	2.4849184027739932	1.4726828097708822	-0.01433362023472184	0.215793326342928	0.7150784923865146	5.416549419473719	-0.7114678999765757	3.2210130257050644	2.222370500365893	0.3123309738636017	7.523556265084049	1.4082413771274416	3.719887671635506	-0.6361399094300353	3.6794673391360773	2.8127501725539332	2.787307436871545	-0.756263647466484	-0.4579037460889525	2.771391318808509	-0.8091424314872079	2.3087693427510447	2.219610034099108	-0.7462153161372193	-1.2948641752203305	3.1977488867685957	1.3272763330430266	1.5321673854642552	0.18224624655575047	-1.2140436615598829	1.4668574862347639	-1.1609116676937932	-0.7847270726053575	1.515993985827222	1.2939263701159507	3.491152065959547	2.737601961804387	-3.017264501821688	-0.22631370755000002	2.273408281139466	3.639016444681258	2.9937857089285878	-1.8065821075315633	-1.656802803224368	4.061183968151454	-0.543372408327661	0.13971240876418348	1.1909990745491932	0.03269590200068601	0.35537120698623964	0.5927870718036633	1.1878837492215444	-0.7391367651727221	-0.8556550975356784	0.017946968684987265	-1.0419019676592884	-0.2262597816278053	-2.5714699739831337	-1.1021149360132494	-0.09571500326616361	0.43272893275480623	-1.0742437805211733	1.3664993031289254	0.6660070824225179	3.3078467642592493	0.33264700451986395	-1.3093479495156894	-1.5240798876699755	-1.3829379026666284	1.44936783730404	-1.3365342433581402	-0.2908163496536186	4.697756960823209	0.8769915377830758	-1.007490805121779	-0.6971333368080799	0.3026223614429816	0.4233275520712582	-1.6539570773886734	-1.2262757559426987	-3.7698897822545123	-3.057777734577525	-0.8086886880154484	0.6529123229295786	-1.8274538059644576	-0.7949446122915972	0.12184486836194992	-1.1474944322016734	0.9701315017888252	1.388971908919273	-1.8282941974556217	0.9526478286598112	-0.04319491360762741	-0.8533224120241357	2.8594435568650565	1.4185397156275983	5.919452065670719	1.035061865217156	-0.7923578084587599	-1.1830904155909292	-1.1364303053683276	-4.565990046411753	0.0
0.5357559822348077	-0.3095383167266846	0.8289973581554955	4.116624729958447	-0.46260538443605953	-8.230729422398976	0.0	13.059913873672485	0.7754501905292273	-4.327863972762535	-81.38394165039062	0.013968627105410001	0.6574584113433957	2.3694596879297953	-5.6850641469806815	-3.8626658934426596	0.4870198431705672	3.7122249521992425	2.7699162191638607	1.4559536838283142	5.8440119354729205	1.9150487283520676	2.2901820596734077	0.6366807507595631	1.6453583305123551	1.248944507606166	5.5600935119480175	-0.15158375914245392	2.750879643903522	2.4030502612944002	0.23960852611064912	7.853450992533678	0.6505508998578245	3.401476377145724	-0.9304143863574246	2.4619510581093205	3.1182524916657712	4.452062615740073	0.5250134857371449	0.3217445599156937	3.4291106617858267	0.17493739923921184	2.478612550630652	1.4496082448506658	0.211083461932751	-0.7240160962453845	2.673161325313277	0.11971683167512455	1.4041960988766873	-0.739827427038244	0.8667877694232422	1.650341912276215	-1.0650349891289164	-0.7294771043300037	-1.0887644737206323	1.2664866243116557	2.0219888764602896	1.8799727007938531	-2.449230746448259	1.3903979867096716	1.1605800968341802	3.199606202282267	2.9103315199414888	-1.6253344906776888	-3.126917944591251	2.0161461020470597	-1.233373206359735	0.7322217434914242	1.0569540385257998	0.35680364184532853	1.7674742134892054	0.26389609088672894	1.2571812908503315	2.366357554467993	-0.24342529546646846	0.372339823277492	0.24030728241568114	0.08250433021082969	-2.756265633399872	0.297297787881352	0.3869760376492552	1.4808772441523135	-0.3739808838045786	1.9100940964104978	2.0245179171589287	1.7235951014211244	2.0641605377920884	-0.8633677753196521	-0.9392522582942147	-1.386699505381286	1.8245856504597477	-0.07515477510765423	-0.27343752034951857	3.2465535410210093	-0.9502999149575955	-0.7493342108493379	-0.668006951250484	1.3195196430543403	1.119303397500693	-0.5448261573910713	1.0428942658578269	-0.388523314680372	-2.392990466523564	0.07047587993964192	-1.1267570214184475	-1.585555253814941	0.8787000591223616	-0.765643962728791	0.5625321541623822	2.315582739992588	2.2256012289754805	-1.7370337383606687	0.1624583899974823	0.49119708742630686	-1.523524656794034	2.443377612829208	0.5355610091044286	2.9533376538065763	0.1423070889863151	-0.9672047178133983	-1.2242429762822293	-0.25031597928639937	-3.6377425495002953	0.0
0.03850438993575295	-0.15837339431266576	0.6050753090270125	3.8285268447344953	0.8622468031467275	-7.979043858391898	0.0	9.226673483848572	1.064206934844454	-2.275292175597158	-44.92941665649414	1.543482780211358	-1.2168937230482697	3.352609723698088	-5.662204381847887	-2.18507034269846	1.359354618522856	2.2701895385199076	1.7083604265008034	1.2020958331999956	0.0066032112724539165	-1.0450255180162096	1.3497798242680092	-0.3395620792201071	1.5564175657414157	0.14849579755660874	1.1196285603774918	-1.1201056089354142	0.2549849039367452	1.2609169329758043	-0.6783160763382912	2.4999209863452028	-0.6519282213271116	1.0592408270594922	-1.3570441762438217	-0.4258541459959354	0.9254639495266019	2.9391175842965427	0.7872753466996881	0.5757686362409865	1.475360500570546	0.6324929420336864	1.610863414212254	0.18114222880091346	0.19710076955447864	-0.7564867011299639	0.45876521168876505	-0.770320978782524	-0.04287686484002391	-1.2850999409576582	2.5840852929834734	0.4949778385815166	-0.04656251890455338	1.0260849609872362	-2.357534595595842	0.48406532909721134	-1.0769821850540624	-1.611387937472038	-2.062294725657386	1.352793112447198	-0.9091055092273974	0.49692992003572106	1.4282145689552028	-0.4081860861306033	-2.6395622748854777	-1.1638298069010489	-0.5031283333357134	0.7163962325990815	0.49668838405473664	0.4659319033411368	1.1452541592958811	-1.5054068541889156	0.4094473199397076	3.4701198802902065	-0.9701897203922272	0.23508521138072605	0.5642572913958761	-0.6182691833809397	-2.11122420871959	0.6645421349447092	0.2502772315387048	1.005157385421686	0.34976875234060184	0.7473934305549131	1.3563852883367375	-1.451738722215757	2.3936987225931112	0.42263895832002163	-0.3922765967199358	-1.0139084571003913	0.646291382862416	-0.4899664644787951	-1.1804562875909552	-0.9424985669948885	-3.5121118751268425	-1.0614134135015774	-2.2331378069993493	1.154129297943315	0.37546953336516425	-0.2705222015637298	0.64390346367652	2.435785268105894	-1.4010647688013302	0.39072828927495773	-3.063709609621558	-1.9271887836435662	2.285817255771586	-1.1347186013311148	0.8485450718423416	1.6614047160010201	1.4636644455654326	-1.1879537115366055	-0.9555253468297579	0.43876712787896394	-1.8552248066850006	-0.290942517220974	0.06346212518076565	-0.27858824116679337	-0.8925416916091409	-0.993779510276826	0.1419698887840215	-0.48465779288248584	-0.8653751626610756	0.0
-0.4923237841762157	0.7663025971830768	1.2553514133148884	2.899528755017302	1.4501422475627128	-4.453036823443004	0.0	4.223138093948364	1.0527912066835496	2.5147689013131735	-1.1327050924301147	4.850623173804536	-1.6288378808880224	3.670860592968935	0.5875845063988328	1.4291524817067456	2.6413538402153387	-0.5179592496552667	-1.3282014361320762	1.2669366052374245	-4.419254006467003	-3.2172984047916042	-0.12274111191855872	-1.454446900189111	0.6938154736469532	-0.5892101103676362	-5.144928296917566	-2.734542631235619	-2.3223840663565345	-0.5927192878943902	-1.7714867576062678	-4.83420619215887	-1.8895870044150136	-1.3615749852454408	-1.2382982011011086	-1.7180114701154274	-1.7345724898477783	-0.9543231243834548	-0.6942413973311583	0.6808173674663515	-1.3957861400185487	0.46523253334875125	1.1233058111751315	-0.5526772376291359	-0.23826829097976596	-0.23621413430829316	-1.2837719559290652	-1.1883691866246482	-0.1696689121749418	0.03410078473737307	2.3577166526028286	-0.9528954378403132	1.5740288253101635	3.666519268853775	-1.587222306603434	-0.20123393457382918	-2.8976888763612476	-4.614465990249204	-1.6987095339470268	-0.387835320610328	-2.009801419704881	-1.831232519468247	-0.31431542800193457	1.0423022347787945	-0.7208320836414308	-3.0297541958279908	0.38999275013730844	0.24201495501734954	0.4987042916261337	0.48614597455947145	-1.024110850651522	-3.1209913028875556	-0.5965292891891122	1.6441327444696372	-2.728008124090376	-0.6509530803760385	0.4250144772231579	-1.792464904407714	-1.1187634547843652	0.08547034420964801	-0.6009960277553867	-0.026241953707923572	-0.06834200138925875	-1.5633182794377498	-1.4512197422921995	-4.707629711271446	0.653165985408018	1.5084058078852567	-0.13276764548431008	-1.4886461983323098	-0.6871124841782777	-2.6561149126245276	-2.3898783976486486	-3.3810408749675327	-5.152307535670385	-2.209346614902097	-4.489346674848	0.3894202474900436	-1.620183838086564	0.17323019143280594	-1.863061833386845	2.6394222205770865	-1.2073393036006395	-0.09330502879504421	-4.142122377590116	-2.4572305176298643	2.1029314869039117	-0.30413277046289294	-1.1044021768431211	0.1687502482137974	0.31300144366198973	0.11004166047160442	-1.5862720383630766	0.1681613607032193	-1.7254503291868604	-2.494916016658147	0.098568603894565	-2.7264369297428774	-1.009376740221072	-0.4568415367078463	1.9738450419263318	-0.5749909545161894	1.9241912021301686	0.0
-0.6030332216556776	1.5634820553748046	1.5596108027974833	1.7781456673958085	-1.5755090136477288	-1.0265071051461356	0.0	-2.528551936149597	-0.9320109366542764	3.821368726933825	-25.353012084960938	5.772462519367549	-1.0410468560177832	2.2956441399143186	6.880141803682758	2.3431269635098526	1.4983783182959076	-2.2579032771966676	-3.316146565040981	2.229730497135056	-3.7398483109646947	-2.277318952417878	-0.8884968117096298	-1.4589738034892525	0.5085480382987138	-0.22529251587464713	-8.749988015492757	-3.1839412953619672	-2.57772883624257	-2.155979974105678	-1.66797660779953	-8.755234650843128	-2.2137990340548144	-2.0340979239368377	-0.7210592970915555	-0.22113027773392957	-2.7619726816774346	-4.37222563030936	-2.500533210279213	0.8823148501852086	-2.682075849519326	0.037217737580447094	2.223143291554134	-0.4795975855508434	-0.16967028611364995	1.0198172124083897	-1.043373829606226	-0.7372938721544213	2.304881095509177	2.7659960623795743	0.6492536193446109	-1.204400601486365	2.6742555318359176	5.237379752198197	0.5302803251478407	-0.14400073686614634	-1.8437298287489368	-4.26088432061093	-0.6271355875274714	-1.7729818810452551	-0.9389010292767477	-1.785136568297564	-0.908308251236362	1.6037422205003933	0.7484551351919448	-2.6353625634219497	0.11790749467330275	-0.007690227267608046	1.326468601717315	0.5938602554804691	-2.7010671983196124	-2.995928462943705	-1.1026993678137624	-1.4398159011514908	-3.5004420166923884	-1.5695572234321349	0.13956655703839801	-2.3144567780891214	0.06184011745978804	-0.7145055940169769	-1.7456147840940486	-0.5986879348085254	-1.1665602944540008	-3.401706764318687	-3.9972089282025327	-6.475628844279552	-1.7176814558480282	1.5362004776231266	-0.09367050659858574	-3.0362462471723557	-0.7320467765290043	-4.559115346114395	-2.820267601525868	-2.18406588378964	-4.668062447531133	-3.3143944281735456	-5.444759867846026	0.05421587917612586	-3.244612695176655	1.255411263398263	-3.8039705240433768	0.6481873479027015	-1.6136965699634462	-1.049374355552133	-3.878618742474194	-2.4648183621936193	0.4903498177061833	1.4123628585040569	-3.9579618590980252	-0.7925077290207995	-0.2379675821591449	1.159621037901021	-1.5286398418768719	-0.17786452694464538	-1.366959568336606	-2.548192523320516	-0.08245574106830497	-3.3619871719410788	-0.4687879856813837	0.2705672447654334	2.4574258471103874	-0.051834797095084054	2.922579920611211	0.0
-0.35147694668520707	1.5093704595942707	0.8032277963169805	0.8704551516879688	-7.423060822043013	-0.14217229187488556	0.0	-10.65308403968811	-4.495674725001057	-1.4051049223233913	-99.00165557861328	2.2041073791426133	-0.979926110804081	-0.9794193450253197	6.839827994513444	-1.1468713474740464	-3.1359051156138618	-1.8834112907427696	-2.695492137932888	3.0967177616863477	0.2065946054307447	0.5409185139212275	-0.7142835524935588	-0.4956018643246757	1.4150763044069554	0.06490533686482315	-7.73995204921122	-1.8455515423829252	-0.36999186654993743	-2.5262743537624677	-0.6438353819847107	-7.0785654754484	-1.6551845374545364	-1.1109366315476439	-0.5064968923306644	1.9002213556639749	-1.8212939256045502	-4.9523776313391235	-2.7578865002633797	1.0343234151964367	-1.6535774909564827	-0.38350053435272496	4.191292812212215	-0.14757141985592553	0.6840930252049684	2.0381059681225304	0.6602349576177233	0.548498579315723	5.5820064936210265	4.769275099735394	-0.7931245735557805	-0.046207489098407446	2.623565409025808	4.516456900053466	2.2805627293066317	0.25416285745799544	0.7021510189145126	-1.2570995977488764	1.2990560007884222	-1.251669354186762	1.200732475767533	-0.020978608437694564	-0.3653812314244522	1.2811673237437804	0.7571481140397436	-0.9015214633545838	-0.9497870319653205	0.378108543818953	2.305525313547784	0.8643802812508623	-2.4991766083482148	-1.1640211156160378	-1.0598138104713664	-3.0762692177155557	-2.124162019245208	-1.6885796242190692	-0.3525760259073811	-1.5609105979487048	1.3338143623138174	-1.0614022423178822	-2.3907303493293046	-0.4280902767969557	-1.7183606963427294	-3.5966507205993286	-4.192311872050843	-6.141439601883431	-2.917068239381845	0.3574390725486658	-0.37701095665915535	-4.402777545928955	0.34664313880671677	-4.221606445953068	-1.9918513616946472	0.44359310159245424	-2.312119533753946	-3.2311498782713897	-4.030655834928294	0.437317681004167	-2.925997300434913	2.161224640992492	-3.11517517920259	-1.0521491856037914	-1.384579584863529	-1.7434678224999691	-2.4956570519969383	-1.6036183962624677	-0.9738287043535994	2.558733106404543	-4.978283122926951	-1.013290711036901	-0.2137321929136912	0.7822688526402299	-1.3053865964179272	-0.5942316266629151	-1.0007094632089137	-1.2570454749464988	-0.8724934677051943	-2.3276495296450763	-0.35532861561686907	0.42180073958341824	0.9410537026618958	0.32498057527080565	1.7424674479823028	0.0
-0.12840803465885645	1.0705695642596658	-0.33249987106952633	0.4644936726851897	-10.814595485621311	-1.2236457339354925	0.0	-13.316701054573059	-6.0828300813833875	-8.069281563162804	-110.18904113769531	-3.0089470431465197	-1.9371874509030023	-4.366572159494078	1.1025363109984583	-5.772139783342739	-8.22788064786918	-0.5820929453402133	-0.720440410223091	2.2068426919756114	2.5826436749834945	1.924736988016222	-0.14964658883378046	0.4892988155896992	2.2547388907345334	-0.8158023666601986	-4.219037106646984	-0.06231162488732295	1.6197626693697458	-1.6575799106447786	-0.8233392962217331	-2.613192163502114	-1.3192645163472854	-0.3753329318096029	-0.7932172305102544	1.71932730704074	-0.24045614303940965	-2.9784220306648184	-1.3290673385348377	0.8370825294547408	0.040637096023967124	-0.8466563610279042	4.702250134621935	-0.17848105398537237	1.7114119517258168	2.031641492074487	2.0655595437639347	1.6586959102811913	6.55289697986443	4.4546257735656525	-1.1271410224556226	1.1146027113473604	2.0184234086334465	2.129255461623732	2.223416452662963	0.011525516752153636	1.9927892629903825	0.8453942204599711	3.0953152405426785	0.21710244746216192	1.9880814664691937	1.1656031496482107	-0.2775881286153848	1.1392285613647335	0.1630575238800735	0.6115450462966692	-1.2837404960795387	1.0546713772805165	2.589116710998974	1.1950944717070868	-1.0863475627391725	0.779308676712227	-0.8261460041667955	-2.0427216676943893	0.022950063622187055	-1.099683797263568	-0.9107716570348561	-0.05584670872504229	2.278080645164146	-0.7207502863490343	-1.937487133039052	0.31636221088038	-1.4555082963681016	-2.491787596319436	-2.747636018913578	-4.398833173179181	-2.6062809562297176	-1.3116519131528384	-1.0739381043082576	-4.108233928442002	1.0408812456788437	-1.9127208306454122	-0.5558544561719324	1.39636735064266	0.452144542286376	-1.8510882140370086	-1.3751886551068209	0.8632952781059803	-0.8637067366933534	1.7792800525419934	-0.4565872146718801	-0.3923826111214502	0.1452809925469748	-1.538131463246933	-0.7298327106324121	-0.24151107681993866	-1.0269038660895258	1.8258025777339935	-2.504486396613306	-1.061901307978195	-0.1193517273947877	-0.6600645376266374	-1.4634233381846673	-0.788503757390683	-0.6405713003221899	-0.3118739616374175	-1.7405422851172558	-1.3137774565959206	-0.9726074830525451	-0.033670916532476745	-1.144577512887084	-0.058114712465215816	-0.4071145056613854	0.0
-0.16197839021001922	1.136576319310595	-0.77061663581371	0.4405306524529376	-7.214366155458575	-2.027345223086221	0.0	-3.993147611618042	-2.599113321138753	-8.080706777243778	12.134961128234863	-4.884078785604607	-2.7525334218051283	-5.247597375557064	-3.3964802253669895	-6.872602356216276	-9.110327270946332	-0.299793089492494	0.21874975043465383	-0.6838732857395101	1.0093678470458025	0.34210262203185016	0.3299776048253767	1.0642759980953702	1.6433181797828653	-1.9528488824403507	-1.868418701213819	0.366628594254922	0.49257422534727985	-0.4923275483841145	-3.6735633693784475	-0.17179720914816554	-2.1982387186902943	-1.1993047771975398	-0.9346617939642154	-1.0178997571626467	0.5124486142012756	-0.9631869185958868	0.05817179332435545	0.20759813464779892	0.3407972790619247	-1.3137961443027724	2.17535130045574	-0.574707618281874	2.1354736338735556	1.4057047885344034	2.082651300008519	1.2827529641282227	4.199929466433371	2.4995207529793553	-1.16501481340904	0.8516841840649408	1.9092564649926416	-0.16967185929614975	0.4204731836651612	-1.133524512820877	0.8497171296992085	-0.4401000000016634	3.605167808339876	0.3834574229065204	0.25046946420738636	0.47486113727365326	-2.0152339035238342	1.7827236772352097	0.4089084488453625	0.9712732192128897	-0.2546252570081251	1.3166221259898483	2.0390668537684085	1.369911076614863	-0.22340493654278484	1.3041444266996076	-0.6368097540007944	0.49501879958418804	0.5550923533146344	-0.6732423394442407	-0.9802410875345726	1.0405603783615565	2.4018606339290955	0.1435009801336007	-0.5471214778794378	1.4503256152422468	-1.2215205461585097	-1.2946933444053037	-2.048456137354316	-2.5373054104987705	-1.7470693262461439	-2.2492725876583295	-1.6118027704089122	-2.0562307154536246	0.2646386239473689	0.15892607533009495	0.3456222635985037	0.22184438541927168	2.2285632734038248	-0.22240827308269218	0.19393889438883166	0.6482063808167974	1.048652673584979	0.19152889773249626	1.6328197408480511	2.396307681124289	2.1449556085117902	-0.3308446902201336	0.5528684910113827	0.8442107430635186	-0.08517680537132989	-0.42087514080107213	2.2513518284877825	-1.0929763048304624	-0.0883923802857778	-1.2697253662515253	-1.8913067403685797	-0.157242516895472	-0.23813548585399985	-0.18467349648475648	-1.8364754932564358	-2.2437062886815804	-1.2279997294147809	-0.09332047367272688	-1.7185476024141195	-0.5175798174005921	-1.7016093740638878	0.0
-0.2840788571189197	1.587917462867849	-0.5251133948551504	0.23249301228502936	1.5582958190365042	-1.021632160459246	0.0	12.55496072769165	4.040723207924101	-0.16885750586616582	195.01129150390625	-1.7994000302725983	-2.2351687290822158	-2.908305653825749	-1.2176371269344073	-3.423095068479159	-4.586814513006223	-1.6167361562798073	-0.8254563494774629	-3.694758440416168	-2.357492867263331	-2.342055541507545	0.6871793089240775	1.6142526985136698	-0.3646839747012689	-1.24600759667601	-2.31413066122267	-0.7573715737570745	-3.615594882308767	0.09807803327286685	-7.770591187700629	-1.9107524871448927	-3.841538036637234	-3.1225497225259846	-0.3306880694965916	-3.610981559515741	0.03407196474108787	-1.088447362275632	-0.1622374909826451	-0.5670133436397287	-0.9709976756165171	-1.3105036312903182	-2.2986218859556273	-0.799217250984052	1.844823728217689	1.1357476158124027	1.1674939002210305	-0.7608354047591251	0.7215431943867612	1.029627540420793	-1.7699526948364157	-0.582611872918076	2.4532503896889257	-1.1712545601262507	-1.5897923809114016	-2.2054740827530623	-1.3982976640955629	-3.92010465897991	2.834193430621834	-1.3228976147908766	-2.669282618678548	-1.2038587209564158	-4.928812869663896	2.4461120130937215	1.6845708636821604	0.20897161378525198	1.0135361978330606	0.8965921613152095	1.2654869267011457	1.2215427138456985	-0.6657235816725202	0.3621789167632832	-0.4118499214413792	2.4478374563772745	-0.9210563564584369	-0.8348730574408085	-0.2173740882553211	1.1015011581702758	1.8083323201997314	1.1507999223718082	0.9018342735830183	2.6253358947097762	-1.4354654970189566	-0.488571707318729	-2.7514681072736327	-1.2242478105091603	-1.0511144457532346	-1.6323003059083765	-0.8831776087566957	0.3792515823841095	-1.4863124180917953	0.38954074070902495	0.24660091730946487	-1.1062731717639	2.74380678163857	0.7367922864446882	-0.43003128092979714	0.007072869087859388	1.2484763971218882	-1.1512509933564552	1.623200835406988	5.3109600999863344	3.2088613750066637	1.3714897533257802	0.8690831960419771	1.1890009998523154	0.40890699706616856	-2.2144126319885253	6.100859070235285	-0.6238718489405668	0.16713095577533849	0.3318339335338141	-1.929085135538053	1.5484731977268802	0.14218906230758876	0.05352267285188039	-0.9619850174545549	-5.282487744637407	0.04441414740695446	1.099246592396715	-0.29652907429753167	0.1546988409955974	-1.0222673910004751	0.0
-0.18659270298721187	1.3144867961404516	-0.651523029643772	-0.6080657331510023	8.328151723171802	1.7408899409430367	0.0	21.63478422164917	7.6239443065391646	7.754551468224361	284.4556884765625	2.625016506242433	-0.8655675218906254	0.24990515050672532	5.608255465169848	1.1388783454670603	1.178212899557024	-3.322858715658662	-2.6687716511514736	-4.599392722602244	-4.048663877922555	-3.3012443530772413	0.9526226013154147	2.3740597721001113	-2.2644595301790353	1.8504184845376517	-4.0706246256828305	-1.8436380972615853	-7.302294652783469	0.4321504171247835	-9.778856984376908	-5.670247834388025	-4.51942054227446	-4.502586068981823	0.6298729067780362	-3.484487905289253	-1.0686452519876184	-3.1459425243994463	-1.607558479346335	-0.9984321845482096	-2.2295793944444413	-0.3165863393333511	-5.750663763501686	-0.4580844734257032	1.4087564988743064	1.427435129053063	0.37540318163395936	-3.0182156380679874	-0.9356649373526033	1.1835957381104023	-2.2029948690089216	-1.5430829920584248	2.673147585597628	-1.117456349464047	-2.201590194771386	-2.0363803692942017	-2.7263880548866424	-6.215556330360052	1.9473037041504593	-2.8397231949805812	-4.347556417573149	-2.107352192672651	-6.7393786806142195	1.9764028204482231	2.7867480415395267	-0.9929719639476389	1.0737639818475655	0.24070904608243493	0.8688660573821063	0.7729448460243511	-1.4146876368369605	-0.8329616925094471	-0.050729042232909534	2.870629091123375	-2.131303198517315	-0.8204806496615125	0.9281319891590447	0.6277387998682462	1.3385856427975438	1.8589645074284906	1.5526022910341328	3.0881703279850896	-1.1681934379474828	0.723752415858586	-2.5437474304344505	0.03288468091844398	-0.23761374790141052	0.058538820120421324	1.4531086251392202	1.8692533016577364	-2.80712774208873	-0.41939341787975737	-0.22267355287606402	-1.2407332806357603	2.6456811996568153	1.340121605596505	-1.8341482031533374	-0.22172687857517556	0.2750084063788848	-0.854559654326633	0.5841478183630283	6.637029642750929	3.0031748100552917	2.793868251108893	0.5322875090633872	1.1106875931030848	-0.17745093958718436	-1.8436679416894912	6.779955673423307	0.5219041375328579	0.7387485659120464	3.229240705903906	-1.129345222760539	3.5455067387955674	0.3703891399130225	1.1053343669573465	0.22574751514963112	-8.38240319467078	2.3518491951636626	2.937707728120696	1.50939737213587	1.919161093962536	1.2409424955291408	0.0
0.1729229673068255	-0.16084840695428498	-1.6859851477771892	-1.72894519274377	7.683143887431063	5.104000772748675	0.0	13.798434734344482	4.011220162320468	7.264039997396798	208.18028259277344	3.4898145101394276	-0.31113179599051366	0.8325024786253654	10.066705870125348	2.8443057538986385	2.6283213860853007	-3.925914057837376	-3.5739396066055633	-3.1689141093511823	-3.4314672212669817	-2.1252506251530674	0.879249362625139	2.6742207602118	-2.738884888287505	5.125383910379912	-4.713080740361302	-1.4115768719187125	-7.307431465119459	1.528435939743563	-7.833143525868654	-7.670736365197109	-2.9393201889188	-4.309179403447605	0.905618912704257	-0.941436814641521	-1.955417422876053	-5.0152794344897345	-2.414364369151493	-0.7816376526278394	-1.9256223147241478	1.4717570387798806	-6.208934015314568	0.22948819319501457	1.3495755254504804	1.483354898113193	-0.031118471301713233	-3.651127653717551	-0.23088238504432473	1.8908862552179075	-0.8917066946718297	-0.958161431822985	1.6574503492344828	-1.100299929903931	-1.2501029148039342	-0.720142607614398	-2.556070246733725	-5.415672306020889	1.8877706672338879	-1.865583804368054	-3.742903731700753	-1.5616468602745999	-5.847506085175207	0.4420619158656003	2.692171419052769	-1.6967869406435057	-0.04181465290371	-0.03015549233025307	0.8281424000831039	0.2518294999860063	-1.0832231188998431	-1.2060574409725242	0.2699849919585653	2.4338280333701623	-0.8265606581218659	0.48054151945184953	1.5900108254654015	0.6177061296589041	1.7841686191387913	1.9551186163453063	1.3223140011085015	2.1683540553131624	0.6604910718779715	3.186194907366534	1.0232408532333053	2.122514994623505	1.0603577988289243	1.1233553112844343	3.9699328029054706	2.3994339249134065	-2.9091146022124317	-0.17525593883630525	-0.11726319969412738	-1.0546399258340882	2.3965735662133754	2.581499254681694	-1.4664186658424752	0.32319703412620904	0.15006962490837966	0.9270937246985214	0.5826880709683516	6.237107352568553	2.597974346493775	3.421737997248265	0.49339536782996407	1.3880479603704117	-0.9532521816946211	0.42951117862015964	4.935253437814014	1.5828669588864996	1.229757934488276	4.949135578180385	0.19013219462199646	4.3001622791512535	0.3919231874495745	2.288675469557444	0.9058601139492334	-9.172365411714866	3.646265566762951	3.6850983257490126	1.809594916384328	3.1145795689678035	3.420370835331934	0.0
0.500265299123486	-1.6261372931822038	-2.649555133242108	-2.0698431232910264	1.3914934902432117	7.37756085395813	0.0	-3.8022053241729736	-3.807258988316688	-0.8673208265982825	48.80900955200195	-0.027162271563191804	-1.3070505055133252	-2.021468762438311	7.997611409015386	1.1371897635308195	-1.3967412127743637	-3.182950876965806	-3.028499307241873	-1.3227256093864088	-2.7881610171086546	-1.055268986329249	0.2229298810543002	1.5993784190146159	-1.9864201938315968	5.676295122379673	-3.5241520911455155	0.18854596096127774	-3.976439493833884	3.332550789691784	-3.540166100114584	-6.339867723374804	0.2559537472711368	-3.015055594410985	0.09633891052634419	1.474934092457343	-2.100475859217113	-4.941546322777867	-1.317531910745634	-0.11324333300714502	-0.37902013666362655	3.0294353068414805	-4.555689042630798	0.6921847776690584	1.5755471319308076	0.6868555278827747	-0.6819538484027577	-2.2441277791051166	0.7815940594564565	1.279579078691585	2.1533232759139693	0.39996619940558004	-0.23550619127198974	-1.7740440873416843	-0.10432173769845805	0.31755076374858615	-1.8144748632330447	-2.7305179566169695	2.3279003027607414	1.2393380250006714	-1.9755791262625677	-0.3640290111893924	-3.0011717918617973	-0.7889108636862142	1.7801885575913696	-1.1603824636549689	-0.9610670505410032	0.182656603435893	0.720679567721108	-0.037790345368570434	0.3871272135827992	-0.7511830823241777	0.242046412018789	2.1135393368815065	2.327262784990053	2.933142520671729	1.4174019236649786	1.3962274156352978	2.964735053041402	1.459686446604121	0.8815317760203399	0.1731035102866898	3.4265510415037475	6.229910755725686	6.902861229159911	5.003872358074812	2.2095906870613855	0.05698967989195477	4.42914880433325	2.8116603924036028	-2.2009247281113558	1.7958798657239574	0.7577329124937686	-1.9067061823026268	1.6813671937713228	4.542775221844204	1.5818362177880567	0.9834176374483349	1.9254345331521732	2.5538577030217926	1.8414855733747475	5.020393964599122	3.055615986840463	3.3126014346292845	1.459510390136134	2.361148188039311	-0.7771762457454489	2.6570784462988377	3.142707486913122	1.5636927916964083	1.2150734493193487	4.043249946275655	1.2015601855057936	2.8249093992067342	0.2441702113673091	2.32572669878602	0.838190873671962	-7.298464477655406	2.4197742377442344	2.3481181020086463	0.49500969809438533	2.233829647526387	3.793658082187176	0.0
0.5003005891898108	-1.3515639683943899	-2.067837919610051	-0.8695726602727717	-3.854596456314655	7.0141932453428	0.0	-14.612352848052979	-8.324877825669116	-7.518213868141174	-53.82196807861328	-3.902041456540476	-2.5949491266161204	-5.52268361607783	2.3135261431260763	-1.3378297897975846	-6.403675359550607	-1.993904963936787	-1.839920108410297	-0.8932901596719468	-3.7257989704392958	-2.001484585196647	-0.73442414376124	-0.6646441707688601	-1.2230363479333706	2.9733031745798217	-1.765608638966525	1.2898223318023703	-0.8041030962982875	4.091956735098804	-0.29436605513095854	-3.2148784455147723	2.895138200824008	-1.7918313875685425	-0.9423964366210872	1.9198836316754915	-1.3726220394964912	-3.056087560587279	1.060752177874868	0.40357638048079175	0.7787294787728888	3.35066643241199	-3.2819230110279003	0.6546137851863345	1.6003431008461906	-0.39236662237707415	-1.9277463927233622	-0.19584420510375547	0.2346822904523741	-0.9781252833031048	4.510797994832198	0.8670989827119878	-1.6273074143046575	-2.7127750802365753	-0.22702929563820362	-0.1412471704185009	-1.3290821370584043	-0.6515453773553783	2.2175670388866875	3.591094519036678	-0.8046079319419146	0.42502889764018176	-0.44238752099931583	-0.6494144316346393	1.2463707018027204	0.5791232096916019	-0.7547315244268568	0.4024543166111071	0.3998711743072202	0.0986120254786004	1.701265025619619	-0.11817580578899561	-0.1588747830059479	1.9148607549830041	4.233363038254162	4.770118890376301	0.870908644329123	2.20484402995967	3.7718009692474324	0.7278549943306272	0.871060575356287	-1.5432058552064556	4.887774401024063	7.779908456807006	10.758377496999772	7.284649896914157	1.9822399194935243	-2.8517173106020146	2.130676630442425	3.3534652282651516	-1.4962938794066394	3.7476049367304345	1.7204733550252551	-3.3003676825128827	0.13843534166822916	5.828771052800585	5.336891714083118	0.7851396662288861	4.21410494881557	2.488391907608169	2.2453809912261335	3.6771326740937575	4.01162421261588	2.9013005624286796	3.018481191889993	3.384734095157312	0.1693435112990084	3.121773853302002	3.0689312577761454	0.43664491679784245	0.7923987188566757	1.622732388966072	1.3459262139704469	-0.19094730410409175	0.001531943567097187	0.9960979954401652	0.42236860624926037	-4.610362888849698	-0.516672708456301	-0.027124416671347608	-0.7537206917066082	-0.15536036531065966	2.017962341742324	0.0
0.21820615569105356	0.7275667559437673	0.11647027646438902	1.4048660411617973	-3.538230767592471	3.910816592829568	0.0	-10.712240934371948	-5.414759121835232	-5.647827887329562	-50.08802032470703	-3.8108327222603124	-2.34979137473274	-5.952891774307719	-0.8492278141740162	-2.124685625579343	-6.9468143418722015	-1.092374849224372	-0.8478784740582341	-1.6805337951139168	-4.817586685652318	-4.154043942926422	-1.2386083019406797	-2.5857097313673507	-1.101226945648548	-0.642174171520276	-0.7045501978309067	1.0189580104057607	-0.42368819564842525	2.263703578379419	0.17474413883686066	-0.5119072091353091	3.2568447806971204	-1.1797603887129338	-1.0264821520880616	0.8848424241562033	0.004632827127352357	-0.6984032457896873	3.0328242909978145	0.32752402682383436	0.5151212459318658	2.355233778556188	-3.577605584379414	0.4001379399182165	1.1927931689972544	-0.5633656959980726	-3.0440855290014612	0.7628401365973765	-1.3307096257670086	-3.1814266307079277	3.6287892931386043	-0.1402919324085353	-1.5528550736266629	-2.9267328849296694	-1.6957048217982356	-1.6916607671277597	-0.8839159198793244	-0.16450234468828306	1.15610749285449	2.882441305474147	-0.7672401111265149	0.5213436258775068	0.4429973557848355	0.42691046688678996	1.5824075719649844	2.471823797794059	0.026423439489667896	0.18282569549758956	0.21273138140789186	0.6251179013290495	1.770709610229509	0.3580006293249929	-0.550581346971653	1.1372254310397927	2.7881574592893084	4.151568768398449	0.5395313212964811	2.0300666245047823	3.2254141640312533	0.15998533862898248	1.2047109309328246	-1.7584111919532306	3.468798506837437	6.244153570017781	9.233903237110512	7.32327247557239	0.07309048719328942	-5.479746733741327	-0.9609149904069254	3.2202776992321014	-1.0575278439916005	3.517286851104894	2.0893395184400885	-3.320285808393913	-1.5310311367844833	4.956426064427069	6.718735319884303	-0.4365587562950321	4.546954541842439	0.7936065751452779	0.00928083323072058	2.2378183662236393	4.024063172717541	2.456560227441813	3.8298873480537843	3.366514983071023	0.5956568682654982	1.7715130791068077	3.8639951168142	-0.7208266818798831	0.455016235320238	0.10151869139875859	0.8387802746537683	-2.7005807394761656	-0.17696976292878389	-0.48579268212119736	0.1782067081035483	-2.9974791070360403	-2.693616448039258	-1.2988861925039215	-0.40210651300907857	-1.737830668666654	-0.44319695114557234	0.0
-0.010454010795137508	2.573897454964326	2.1284685728329045	3.2789063743468034	0.7357411980628967	0.22894528082438878	0.0	-0.3932037353515625	1.3883904413216643	2.0379942552796724	-7.844095230102539	0.1641552089765782	-0.4264201896614395	-2.471553048217767	0.7736731108188213	-1.268349998821336	-2.1675317313795586	-0.2740261220028038	0.01564788696123287	-2.056004633423355	-3.493631714981967	-5.02406658560146	-0.7968652193427427	-2.692167051282307	-1.0470097071394837	-2.543967457770748	-0.017387760979019933	0.41184560665832465	-1.6315173464879562	-1.0827818217652816	-0.8247819105386734	1.3281219813831244	1.5868328171641086	-0.7699605136852157	-0.036343558517568486	-0.0710972424204634	1.4784827207331546	1.3009526939738705	3.642942404912578	-0.08034239707955422	-0.5626434272425807	0.8362686993981091	-4.133582747775345	0.36286199145055403	0.6309873597181841	0.49722388040537785	-2.9327479679832016	0.2993936001781433	-1.9416586755009497	-3.541526828701042	-0.2173161850425235	-1.5250625428521918	-0.44601602238725785	-1.915445955087807	-3.211159542748573	-2.6876041849283503	0.0022920111077837646	-0.19995063876244318	-0.16715938597917557	-0.12806768040329017	-1.0164475766237544	0.22460948230653274	0.29035560940874033	1.2245456026947088	2.044414963841224	3.1391721674008295	0.3071366150916549	-0.3709888276711678	0.46996891184361894	1.2888573947370807	0.9060317557808515	0.885915857374396	-0.5286159121852896	-0.3694678962640806	-0.7276021469207037	1.1347036321536812	0.4289094947633289	0.7556289583049968	1.4174891679821646	-0.11157047993442382	1.2128342658135236	-0.6113312720121	0.12744273106868148	2.201794211296111	3.5790352812671866	4.845104870952178	-2.190926308683354	-5.725153074955398	-1.9473965253870367	1.734821816444397	-0.5985854618178857	1.184006568521443	1.9173054899202144	-1.2920029816192995	-1.7746980825141698	2.165862887800904	4.602668467665387	-1.804523736934413	2.138423044846129	-0.9572936477312861	-3.6676083916720352	0.6290545445549619	2.3115944678460894	1.7644763856874284	2.9529142130262636	1.9762659206452993	-0.12380339765832538	-0.17134269893169404	3.4306588865559675	-0.8662861912606187	0.46332473900689874	0.5926466744679671	0.4440752789638676	-2.9852104213909576	0.012212680419906974	-0.8391342814965174	0.29147063102573156	-2.4365330293631327	-2.458852032923864	-0.49720995057600015	1.2983293702245242	-0.8508027565435736	-1.5148813835212163	0.0
0.06213304411862762	2.163873381064246	2.1270531849167145	3.5092939135127446	4.1697471408133815	-1.1003759375640325	0.0	3.2735629081726074	5.1563240201471165	6.853115580719093	-5.479365348815918	3.749215406620381	1.3218007821589708	2.041872638884152	3.347430272302047	-0.3442028539861182	3.6856418852768247	1.0095898181369358	1.3413041132198487	-1.181456082838553	0.389274335425833	-3.394219157359903	0.23827716323168494	-1.1134179751732682	-0.254543662225378	-2.3875504750239407	1.527219127173777	1.1197741507137857	-0.9920223397778326	-2.7074178045512074	-0.9187006102651357	3.3029436378539363	-0.3330934547226537	-0.014742652390231478	0.9451579167447632	-0.4208275093465234	2.4120864631088352	3.2194251393413413	3.3745024368529104	-0.03611616594077067	-1.0620071911372435	-0.39693803745119466	-3.002939114604017	0.5741823982243045	0.2989699852848534	1.711645936649857	-1.4768494156078766	-0.39774800358074053	-0.8941720797103426	-2.2076068052338766	-3.8878342581596987	-1.8937002546967021	0.3730608576081972	-0.23760875089969857	-3.4935870178354285	-2.011038509393111	0.9875326756472614	0.5489507549060617	-0.9194547281162265	-2.5081634730500664	-0.6667557467422148	-0.26245287992060184	0.5884611792434221	1.3109102628239162	1.630665261539624	2.0695286337286234	-0.03222348849853703	-0.7578848633834033	0.8755409083413807	1.748210809665367	0.3074192298022476	1.5512585687467242	-0.11661256690478608	-1.7176305248205541	-3.0391462303343273	-2.145779665817719	0.13623654135331817	-0.6582620473010308	-0.650638007784591	-0.22334289743518276	0.44423636417908996	0.5720936664618737	-2.494807196436105	-1.9535347601898914	-1.5390764502385124	1.3982215324573428	-2.931558836814311	-3.461998474580998	0.02078775745832314	-0.41114230442047117	0.04914941288734816	-0.8400287507726562	1.6818812054026036	1.0229624931791188	0.06581365911900497	-0.5698767821264482	0.9638510200186311	-2.2919462059893996	-1.0997463746635772	-1.2344497297349017	-5.391119610203449	-0.8390665429715927	-0.20663302584558807	0.46949959283577647	0.9710611580389327	0.20456421005806313	-0.9215410100030047	-1.6059523606300354	0.9927842126452717	-0.0340478849990108	0.5577584779771265	1.8593566720373929	0.7785753694239196	-1.1491279765805704	0.8117348585277796	-0.11193478524684906	0.6246734453841697	-1.4941149562883835	-0.544594087663831	1.136375513647429	2.6941676497278424	1.6913505470948658	-0.43375323312357067	0.0
0.32869130555824605	-0.19560376835767837	0.192628410677393	2.087760443558747	4.304917084409835	0.5569410047360829	0.0	-1.689056932926178	3.329394120723009	4.216924757279199	-35.55738830566406	3.110055322450947	1.1162329196260543	4.017979170000831	1.7146255436169011	-0.14189099403749028	5.929790701815691	2.6373300055120064	3.2366190502798418	0.03846108080060394	3.9928986977623855	-0.4783539634084615	0.9822907948978459	0.5679240596076154	1.0491150428251974	-1.7788824613635708	4.079218060330108	3.221832336489915	2.8030837084679456	-0.6691928611033493	0.6202110818624497	5.6807215707022936	-0.936300578830538	1.0382478125789698	0.9593815816538368	-0.8334108167644	2.55126235584612	5.402941414317035	3.181815828331229	0.8440968800933306	-0.3526557535569892	-1.0991570709300214	-0.2164941285346896	0.654192758291834	0.1949896741991841	1.742945202974358	0.18221779230003388	-0.1120658643425457	0.38994473714366373	-0.9582888125398449	-4.551850916153332	-1.0969068535145312	0.04379146742599613	0.9045623264071957	-2.494105233879045	-0.2026912819966674	1.2357512068172747	2.016924270561763	-1.1112374987672358	-2.2366616599497715	0.18835863730340613	-0.8703950028412226	1.7983958656075356	1.2854663925645686	0.22418592071576085	0.06606005458161235	-0.20755680994048636	-0.6790043852666124	0.717297077153085	1.7406334437815563	0.6336576914465105	1.8470346342319295	0.2794490602968619	-1.9500130184951725	-2.3586835889589217	-3.4251656435282514	-0.43510171426396793	-1.1782604728714894	-2.05779380705865	-0.31104406728103584	-0.7682393219267183	0.699728846796288	-2.736600988973228	-4.055744021779455	-2.7352163734507156	-0.9174847460795785	-1.4390988059663514	-0.4915849988433448	2.79425658917023	-1.6246341785490512	0.6662281652971543	-0.48434755632017806	1.4306156676339625	1.5071203626890097	2.452114719302714	-1.4915679989440833	-1.1261169290013402	-1.698364413701571	-2.5323642560127957	0.0016050355584728857	-3.196055238527807	-1.7441200961174628	-1.823652792822399	-1.2278747679080797	-0.4653339121073228	-0.5198825496443473	-0.20328241309727588	-2.2594230537302793	-1.957764561795469	0.8813356260340925	0.3524961650211324	1.8351759513517698	1.7702633484781205	1.0528202568322926	1.987526516225189	0.5828157047182322	1.0151018405463113	0.5472754534247976	0.9542406460235792	1.5319946908081572	2.504428831038446	3.403044225109814	1.4595769536548426	0.0
0.4720221094626033	-2.1115719225691625	-1.7630206600671725	0.035454783249985085	2.7473906426829227	2.5395824568612233	0.0	-5.051795125007629	-0.06788771847883861	-1.948214149680631	-33.18491744995117	-1.238358783531858	-0.6857451267685974	2.8358861254528165	-4.592751679838006	-0.020653464438685452	4.013092116447826	3.7370512592250082	4.971463797668548	0.40419287877502263	4.7464819783749785	1.8854671719572729	0.935112817173838	1.0525690853464031	1.7540847984431633	-1.8226097701953567	5.974919475228698	4.814505260165974	7.0090299791687825	3.0514759200590627	2.5418025401085615	7.157074260136372	-0.062055487990040674	1.9700621635544093	0.3600706448958379	-1.5241268059213506	2.223499979620101	7.171244450115963	3.205585491715465	1.8247190457946472	0.9646234802710705	-1.326460743498435	2.042292780926442	0.3558121648330226	-0.023914167780704536	0.461367213665837	0.8543009279390513	1.043610143283057	0.40632580680704794	-0.9759331994589906	-2.5097185927089196	-0.06484893851336979	-1.12592393765309	0.6990727403922784	-1.1765718544748696	1.2848123732116072	0.7503118372776292	3.185852172717984	-1.3389307421577328	0.01580645133984969	0.8658114723255989	-1.2121889973172872	3.009276180774316	1.4665298630539487	-1.4266333459816176	-1.6344620293239132	0.0847572002299323	-0.3484942470814263	-0.32672021813888213	1.2100441822536507	1.3880295908531628	1.2174551612778426	0.3793428685636068	-1.2317021123791507	0.01636653836993944	-2.3772863400823407	-0.8785350388612877	-0.7601401457874799	-2.636405178705121	-0.3430998613590439	-1.5787091735823482	-0.06472244082896178	-1.3750804734450799	-3.802638738115358	-0.9080568306063387	-1.2528242942328764	1.2774025734862406	1.4445704000578685	3.4647123736597725	-1.192987436056137	1.0593938759879695	1.6378763916095855	0.632510805976618	0.45642359456690274	2.7923079249488207	-0.7620773569098673	-0.5315738409740206	-0.6793148945607654	-1.5677298570969211	1.3727055189394675	1.1474758558728138	-2.080214153279315	-1.8278346153571097	-2.3747325442452434	-0.3593166358512023	0.1583519865684386	2.1183223462796636	-2.2441619984433054	-3.2838982748574224	1.1459814926203322	-0.18427333191678089	-0.15501482205357975	2.6793985185115696	1.8713745683684186	2.736175625026226	0.5591635276873906	1.439330630134358	2.7542193852938137	0.91137979396067	0.004451406301196777	0.9590078217509063	2.6640586737277254	2.0139992652993115	0.0
0.3415790249777144	-1.7070984077475526	-2.059132134287872	-1.6463514998360453	2.102980746867809	1.9634858795574732	0.0	1.6638784408569336	0.04328793380409479	-4.780256449148573	23.542675018310547	-5.184858381711137	-1.9522312165237963	1.1967257183305053	-10.776106002291447	0.7243360969944891	1.3529604626080347	3.602543020191101	5.607426046510227	0.24662160805805966	3.3384700069824853	3.4259599766955176	0.4761711202796463	0.6836298409510743	1.2546932215545454	-1.7801692536786984	5.323407081873329	3.993006619949978	7.7017532720366555	4.235672992899048	3.6074543340206144	6.474814330380928	1.3914524755073767	2.6946941156118633	0.4029088787487938	-1.3923532486939592	1.922452911065193	7.227437685932154	2.6895082032514943	1.5257040567354847	1.9455228311638546	-0.9694024465330269	1.9187500179180959	-0.03496142272456286	-0.5653695368175377	-0.9947728450701694	0.5417545528735145	1.8583306305938296	-0.2640202668408754	-1.4397274082413414	-0.46808573424990413	0.6341373889692246	-2.172607189919235	-0.5198552762435762	-0.30520005930553784	1.7373350729234516	0.7214794819962911	3.5670400844558925	-1.7558642986011417	2.0710158916768435	1.083610936202349	-0.6819612037663053	3.2802002282663323	1.048620693668467	-2.6003788030780046	-2.5421514661284164	0.06743471671880218	-0.18351660662026847	-1.7274311077310656	0.33097385216016106	1.675368114601116	-0.002845299894697317	0.3786163566953638	-0.709946710889766	1.5264470600892628	-0.6562372830853161	-0.8664761602016938	-0.2940669192190645	-2.715752195391585	-0.25091239497151846	-1.4232852141208507	-0.7902506170063164	-0.382329645610991	-2.5053553431356463	0.49498705976558005	-0.5976698981406533	3.477776643156791	2.294629716060378	1.3553957125898135	-0.19134851491451263	1.4044333638419377	2.936535542967116	-0.948898647895001	0.3677193567948004	0.31101830638632055	-0.017776694195345045	1.066911617102467	0.047120264666530236	-0.10139925911355374	1.5271246981655442	3.935031785989888	-2.2330831817381984	-1.0863703136254514	-2.024867421924924	0.5344714853109728	1.0686317421408467	4.231816504252077	-1.5002363565564156	-2.4396477444418547	0.7168976271886961	-0.8194426027356937	-2.8818644983693957	2.639577249130169	1.0351133674604156	2.2830554503947496	0.3595643443614244	1.876317099159107	3.9590058678159346	0.14187140604136167	-2.1859671493893433	-0.7297392712702394	0.223489678289451	0.4610392474303288	0.0
0.11637551715865409	0.3976766494267127	-0.9117339130269585	-2.6784462555972013	2.7266301030808306	-0.3855910471507481	0.0	14.085107326507568	3.574060548303856	-2.3264574706554413	79.00674438476562	-5.221690850181277	-1.1501343590673059	1.9621666640389797	-11.834033026610534	1.6802325832758502	1.3098750525602587	2.4500630798674727	4.838195553747937	1.1108331102619156	2.7170712980779186	5.212551021623233	0.383531452470747	0.8952881897531563	0.27949691449516806	-0.3836397838349174	2.192114563231115	0.9929926596740459	4.097135635992784	0.9102087709638808	4.069813183873892	4.229047782389046	2.547793426466259	3.5680884792409997	1.709687794185975	0.6193805327660055	1.7035723597800825	5.133119203555196	1.0408386688058575	-0.6540847615417065	2.2837055339517756	0.07617435361380162	0.010739365780698548	0.010809897095896304	-1.2369010368804176	-1.5550973361188716	0.22029660337494086	1.4271821684189259	0.36830564449552583	-0.6604108147532026	-0.26210504763743336	1.4852704671285455	-2.4485739101083044	-1.4898465028686436	0.2746707872497012	1.7874264705064706	2.114507517608052	3.6465848868657087	-1.774868114906199	2.6240875744729633	1.1852621181133653	0.7274278067279516	2.7664347727804435	-0.8228295116357099	-3.1263513532902696	-2.949729762185598	-0.9399874787777662	-0.2996977611533772	-2.5913776520056406	-0.5965965758452175	1.2339502619579434	-0.5857799236475497	0.6896246007183024	-1.1456840806597963	1.1609956818440603	-0.004997417354370735	-0.635443852720212	-0.5378160201076229	-2.486930247422527	-0.10544267478380999	-0.5239600951454657	-1.0065605650263385	-0.6615158295229314	-1.5430621575774328	-0.47320974173701624	-0.6447316249745472	4.005200441792715	3.1293740971521897	-1.503446382738776	-0.27365793111920356	1.9242097181549849	1.7382204898337765	-2.5095515406620748	2.803960471158534	-2.5589126224332186	-0.4187254215357825	1.2328097326593979	0.34166950525736417	-0.20517298112164684	0.42777445980315204	3.438482097242975	-2.443255560820574	-0.8628852866851094	-0.29804646626906695	0.5565320255283009	0.7585787582074559	4.241628388058217	-0.008910631127655506	-0.8491425864655396	-0.11882306225774412	-1.4986009450368984	-4.651850399203026	1.3444809420490182	-0.33294005792714276	0.7054371151328087	0.9007646511991819	2.090899407441273	4.5115242605713695	0.09002637463897743	-3.3774267332275594	-1.6600557434248175	-1.8022361396533715	-1.7661014501670642	0.0
0.06888789139170498	1.9361063427784864	0.11134435409354358	-3.2469310596043415	3.092320703445597	-0.576952406338283	0.0	20.089869499206543	5.8340798790256185	1.5458444439131638	73.2010726928711	-1.5819622161285	0.9786928211338818	5.0041662164379	-7.439158955900954	1.8629337138081172	3.9883203859682435	1.1593269826388442	3.197736610483844	3.584814424081533	4.345780269823212	7.549768508663253	0.9291950397065464	2.4319675754699293	0.0595369075585542	2.127753080206205	-1.134920601601954	-1.9762084534488007	-0.729906255442105	-4.436591990788778	4.819545685589313	2.307382976895646	3.041685416278514	4.691275389756056	3.436343132865979	3.681891846382038	1.1707854268406663	2.0193396091218228	-1.3166994235995744	-3.6479092942451246	2.302703290158867	1.339543736728745	-1.4073801819404834	0.5942069048116981	-1.7121547190508721	-1.2972359473280834	0.5076121674629591	0.08579988505632158	2.923648683765247	1.6381525188754096	-0.9524203592050843	3.052541608966532	-2.0167103728151643	-1.0951558607106178	1.1136128303002228	2.3909203386097215	4.173596174879507	3.876397463725106	-0.932477156905567	2.1100378969993643	1.4633025310944026	2.030246303348643	2.2482291043832383	-3.392527931687398	-3.098545951272944	-2.9181538787670434	-2.2043632718256716	-0.43389356086809283	-2.560602153710212	-1.3276519079791127	0.5366302405458849	0.36161635398273134	1.369743729327205	-1.9725052517146693	0.061665942744603235	-0.5820012791912155	-0.6339120230301708	-1.2711580050477789	-1.8698695646642762	-0.0268947288940542	0.3412728491878393	-1.0754913971566957	-1.3929518410768458	-1.2601198739288846	-2.5884624188527763	-2.1186100914378034	2.7842544289372806	4.249874598871578	-2.7456726654101224	-1.7043210159540176	2.3659995609207227	-0.9717441283098263	-2.7659141657289203	6.181767768037003	-2.3737004532032655	-1.5495120705541923	-0.6010039797809985	0.5156628835959968	-1.7764598037769546	-0.8323238814617832	1.4443172634634407	-2.5129077585188897	-1.3887259042307212	1.47401578090905	-0.9576105965879457	-0.8649153414580254	2.0914967772506534	1.6615731026232243	-0.2283395981737252	-1.1761516165959327	-2.385957415976752	-4.839657567226543	-0.6046897952373211	-1.0369279476671907	-0.9684798684343696	2.1103515220681826	1.6731843081367916	5.818550799374397	0.9974743785957495	-3.188680182951926	-1.822885906889371	-2.1197441648933792	-2.5003968867489936	0.0
0.21991417041902445	1.5571130981586654	0.033483386261167224	-3.354138415211981	2.4325324435460756	3.334216005035809	0.0	14.101240992546082	3.7551191847047045	2.8913628921426575	21.440467834472656	2.5115955486627564	2.298994847845461	7.463021621454594	-1.6763901043172718	1.0681848609483386	6.873996574057157	0.41222610527818854	1.5625138762407005	6.0555473502035495	6.305544347002886	8.962847799220413	1.5537212653057153	4.392147384282916	0.8378123100782777	3.9911108858906448	-2.2463293843799166	-3.010735694013287	-3.378489260760586	-7.503134371174706	5.615510096848011	1.6117920985598635	2.7093517970413705	5.352110284975076	4.124051078064807	5.397240765409637	0.13926174064545194	-0.3722070941154886	-3.2446141216490005	-5.495963385598805	2.258656836855106	1.835632667431365	-1.0316215759473555	1.1695687959308614	-1.9307787538966317	-1.0630969748111452	0.9471313043544858	-1.0592193477860992	5.367222895310355	3.716525902327533	-0.4011620657180833	4.709529064004383	-1.2943969287138861	0.6200503200193904	2.1842867785481492	3.528140191398561	4.900114311730828	3.8002027622687065	0.32205950589302706	1.5543071305966818	1.6529923548572372	2.1295489719628766	1.8980002342455689	-4.526239941408324	-2.520576037091317	-1.830686304718256	-2.185221472648913	-0.347984550974091	-2.065713548418981	-1.788685044400919	0.07210834173334611	2.2405940142758283	1.94379798313951	-1.9490059586839938	-0.3047713949566796	-1.2203221856570332	-0.8075338657818684	-1.6006462810545277	-0.941017215891796	0.05360688740912552	0.5091670400956098	-1.3550297979203876	-1.4227984692783109	-1.1933429926227967	-3.5945245746777137	-4.174754017981414	0.5420355100884846	4.492048658295111	-2.0397430752104118	-3.00304796750471	2.125757061900512	-2.8097087047289966	-1.3877413281136088	7.308981603225775	1.4527870013981181	-2.309900753333932	-2.7516721549365566	0.781203322982477	-2.8139212135948353	-1.4037139904252145	0.7735388519113416	-2.12907712593429	-1.8502623155321474	1.8894140054854218	-2.8880960381268683	-2.3653530011504467	-0.5786844082531475	2.4796453640982508	-0.9081637778415762	-2.204458283516468	-3.3453980250464332	-3.95315839516787	-2.02942947501486	-0.8729483443675405	-1.6636105747707188	2.8137807689110437	0.4070567668545558	8.05913615375184	1.746497848243625	-2.4681798420338468	-1.6587194203727158	-1.2446573255674358	-1.0526863699778914	0.0
0.3041919009870586	0.11298766193692299	-0.5332648010494617	-2.696984643502669	1.7713223264572469	7.779824623039791	0.0	3.093536376953125	-0.19278440440797973	2.033692424410376	-5.050166130065918	4.118242086367491	1.6716170864034212	6.961459354670762	1.3332465497899781	0.1925468996436481	7.7929773506506415	0.23220997715329791	0.5014065160503378	6.141020188949726	5.499985424288805	7.728806606656502	1.4488050618567967	5.129780577603878	1.57476066846545	3.9312360642287567	-0.8518176616341979	-2.3007515683589013	-3.5152609819609126	-6.573773258207021	5.021569104969502	1.0844018919322687	1.3701224766220108	4.501108769104479	3.231014332859957	4.2807978193077565	-0.8725871961796656	-1.2191714223717218	-3.898558872824328	-5.122755199926727	1.9977531984575794	1.0275755966541127	0.21645828162141034	1.113523300092683	-2.083191645545486	-1.2603012911900124	0.7928905418868792	-1.2982496471395568	5.068682167185131	3.710126430979956	1.805106477604972	4.910052862905321	-0.56646855398334	2.447721587296649	2.723000880490725	4.188610829673707	3.2106313094581393	2.6133284281530846	1.08364972757066	1.2185690384733197	1.3057192135142444	1.1208883135057077	1.067977620866792	-2.993209629567783	-1.492249049943128	0.5840074268635362	-0.5502271879020442	-0.16581557776452394	-1.6405051837585904	-2.018720799974486	-0.14741864274381786	3.3297592075657163	1.875709617031784	-0.6501807283029097	0.15251669989869235	-1.0343197941282156	-0.5693094246849721	-1.0112748822923434	-0.17698167084771044	0.36455070825732355	-0.07801689643997188	-1.439692231711031	-0.7218218451691052	-0.9456935977628491	-3.0803615541451355	-5.288793735415022	-1.6242850174115662	2.70967243516987	-0.9026924058542414	-2.6777628551200032	0.9940216192594523	-2.5910535952226805	0.41283368632000045	4.936359971497966	5.439031573904662	-2.437631937228434	-3.314180843984691	1.0072835885080418	-1.8760519730510996	-1.6433206904506268	1.8772216220921756	-1.329238603659138	-1.6128939971669183	0.8145538931307585	-3.5516010019574957	-2.335583561856492	-2.2796501675531977	1.8364120438694953	-1.9254945753977217	-2.5928604423743784	-3.64409029936438	-2.6381011170764954	-2.060693882145248	-0.4748912476129451	-1.2549322512559593	2.0516975515459976	-1.347508613388379	9.119592519250627	1.3826164981971185	-1.9369658373973586	-1.471366508581076	-0.5159643009885565	1.1787997979437932	0.0
0.0957685816399458	-0.6144660286167088	-0.38806923418924527	-1.2043769078227606	2.2478226403448174	6.954939041818891	0.0	-2.0647478103637695	-1.1647538829840616	1.6316229726733833	28.343786239624023	2.88757125273518	0.17422563524742146	4.110590691234223	0.8957355601079573	0.20702976877071771	6.650637774555771	0.26361089772903	0.0015727198624517769	3.257368675150253	1.2744300624598628	4.065765198182176	0.39949217934040565	3.9274578071528614	1.228916661088066	2.5879580391276824	1.1568116437505793	-1.496934039134845	-3.2291131045962316	-3.626409852008025	2.334067128390074	-0.6171459042573277	-0.7590265589004214	1.9243494565103283	1.6126146154985823	1.5545233163468506	-1.0579315064933326	-1.038001895274805	-3.3246152523905037	-3.235639641338689	1.3359307239198277	-0.4155947089843128	0.7366073386642733	0.4504286193127748	-2.2231759854849673	-1.4047483646809453	0.1979220391772056	-0.8414307474380448	1.8589498220154872	1.7913275002806544	3.697184648342997	2.8700624116232603	0.11221602286001311	3.070825761911885	2.0754028442923373	3.557559374123812	0.3000538724432276	0.43540697447039756	1.1246210568967987	0.6259853579854006	0.48197868548878875	0.34715241925200313	-0.6029166796769219	-0.0847389446438042	-0.48584923544804826	3.084822899661958	1.075677493384465	-0.19970524773562975	-1.1702690896368821	-2.003302921225124	-0.3170802973311495	2.485034832069951	1.1602625397577824	0.9593600719791213	0.4889679371364533	-0.36855877921132757	0.4075398598195744	0.043096178794334944	-0.04909255528822541	0.9202654844178714	-0.9085345003553027	-0.6279334696856412	-0.20060389138088025	-0.568902897614087	-2.6147452586923134	-4.61596336543003	-2.656697004953091	-0.43882736739787187	-0.5874408559273865	-0.9976959204077721	-0.42476483756509914	-1.2678130907460865	1.0426165617675127	1.160134649514097	5.324341866492975	-2.6702388033270834	-2.144606217628815	0.9863604642041437	0.20241822032674925	-2.5002433486109554	2.553261395459443	-0.5111195296049118	-1.0373835673410134	-0.5480680027774171	-2.495421756983831	-0.9436096405809113	-2.9223273080019725	0.2261052392423153	-2.4261143795889	-1.7546747718447757	-2.5452909756211506	-1.0970144905329038	-0.9024665259814763	-0.41105299852788446	-0.5230737930443138	0.24806870313982168	-2.698895735953133	6.566281358416264	0.30326894939773613	-1.4452605765792683	-1.3919105683246003	-0.5621477782532767	2.252752053099019	0.0
-0.2922589464619998	-0.018945724648587844	0.6345536911899184	0.5105036483366381	3.3523501037283148	-0.21972755874906266	0.0	1.2311328053474426	1.9329968606018357	2.2512353823102753	73.0362548828125	0.5594586856991091	-0.14484660716261716	1.5946743968213626	-0.8474146651699761	1.1344833023487084	4.5800008002432095	0.24194143285610145	-0.31675123126478866	-0.6541035693000864	-3.741798781524952	0.23273521322737295	-0.974842965791272	1.6130088081564566	0.0431437488693487	1.5877378139624678	1.7613983779041855	-1.6001251119678688	-3.6780688940034656	-1.3238362168824231	-1.0068784314990045	-3.014579888763307	-2.654007116190659	-1.173683310305623	0.5162883318964164	0.003846818353660506	-0.2434532040497288	-0.7517684236087877	-2.1784514743006893	-1.3700756135304237	0.4985275077514159	-1.190287618479435	0.45285580813737925	-0.15358137007692696	-2.0743724704259856	-0.8866817023454592	0.15040229185152862	-0.29589166169956566	-1.627246672347912	0.0029360275698181626	3.2367487113639624	-0.3349096446874596	0.7124163569094374	2.1989524174629653	0.49755531684918836	1.9272579190763646	-1.476890346077694	-1.4329384911644498	1.1286203043590135	-0.4387896568108125	-0.2146677197236307	0.9100580816952194	-2.318837512156059	1.6431441220927205	-0.01383500380052937	3.5875869136907568	0.9265728954978557	-0.4855739914308446	-0.06979440472022903	-1.627172532112395	-0.3604710098053958	0.382145828324793	0.34403713166799815	1.5345982404579537	0.2385843289749963	-0.10457652630192218	1.605225678086265	0.6309984518783325	-0.44669089467209927	1.2957629231182304	-1.335991313361435	0.945640478729586	-0.412015032673639	-0.22598313306846043	-3.3609110340476036	-2.5503406680632974	-2.0894342737017775	-2.7914285663261333	-0.7721241859056182	0.305516508102417	-1.233766064501397	-0.42628134865450057	0.25390573531312227	-0.8740760517858825	0.6334174765007836	-3.4551663704769453	-0.6655949528598897	0.76431658187192	1.2835479356459718	-3.974929177873703	0.9485702114082379	-0.05248501814983703	-0.9024967515836105	-0.9926003561881573	-0.8195959360499321	0.3027553009590737	-3.1701709030373464	-1.0646617531776428	-2.534869263038553	0.062179074243099486	-0.2777564050930162	0.5289028412304245	0.29160322832477675	-0.6383093350393287	-0.12132874637842178	-1.1583237963914872	-2.800888090805952	0.6595718178840784	-0.32045315325053203	-0.6549132766173871	-1.5744762299054487	-0.9187822758768951	1.5928194510085243	0.0
-0.4997450141150985	0.8441280009772848	1.4263697180675563	1.4432600182768973	3.476007953603217	-7.966294016156878	0.0	5.625141620635986	4.965147954722245	1.7800894070071458	54.11561965942383	-1.1548096973144886	1.4395744999230373	1.048300047989848	-1.9341245914625032	2.150808695748628	2.2742928899726067	0.09524887064276459	-0.75540844220086	-3.055508272184266	-6.302955479455599	-1.6311878840434093	-1.7698088668366558	-0.3741656810049946	-0.7337320110776686	1.55927453989065	0.699684719575776	-1.945313537946271	-3.6145657795701136	-0.04688203401035733	-2.5940454300493	-4.1744208059544805	-2.9932446036713594	-2.978533735657309	0.33316869871459037	1.0592755337089839	0.8097719132802013	-0.71119907911381	-1.0901963543599575	-0.2166232940605806	-0.07139167870975967	-0.7632001588741938	0.7767672926976616	-0.17912691276331869	-1.3437663654756917	0.1308179096967885	1.1353718409220042	0.06539435773378327	-2.791775333812	-0.07687784122111642	0.7281681602461296	-2.649567075783298	1.1004496391450924	0.7158531024065239	-1.0412844853908425	0.31870089253789047	-1.0184212817641145	-1.7346805779524828	1.6447074141572504	-1.43500519053848	-0.32929615364136067	2.3093846624308245	-2.794372834961048	1.177445655720666	-0.00222628408198734	1.4303487085562665	-0.6070734320372497	-0.6363593177032788	1.7490741190526427	-0.8670375016333314	0.001850567153982214	-1.1105183296312322	-0.049932148058858386	0.7792060425795546	-0.012318891192239428	-0.40421352063370225	2.12431397953001	0.3205842191700713	-0.7164684007185347	0.9993004086337495	-1.035054520283844	2.0896322198889474	-0.910909769711671	0.16996721218880048	-4.391295697010884	-0.20163800309751637	-0.4660559150142421	-2.876220153348351	-0.4201533976247755	0.051295399338006975	-1.1310432214150339	-0.42034123444975147	-0.5769843711713732	-0.20469712314352526	-4.540486409383662	-4.022038377108402	-0.019835915399071213	0.5870343594651519	0.3755035596385376	-4.526093926269907	-1.9210030637512743	-0.05056956787030775	-1.2690773485554758	-0.5544400183834891	0.20369029150440776	0.2938399744168702	-3.0911417325426425	-0.9618597564101219	-2.779730688857621	1.6969189585950137	1.8455967809572305	1.692397456544523	0.46075614450590596	-0.7393074682598018	0.15882844507694244	-1.1890380887190501	-1.5255053667135017	-5.228384159711691	-0.027008441311341745	0.09149709427870359	-2.018494838826087	-0.8861005326896277	0.2391839449959142	0.0
-0.31278718577875075	0.682501679483582	0.9797150148795202	1.0250108528679067	1.8575232225529692	-9.68672616141183	0.0	3.1428988575935364	3.4526041423281035	-1.0048451151313453	-41.705955505371094	-1.9132982497554918	3.4796081419102847	1.36235547031081	-2.296230749203469	2.464393047279263	-0.31378518803804006	-0.2235631782144725	-1.2637839314847952	-3.1740979650506267	-5.521192416602719	-1.4386062681201905	-1.5684927952366319	-1.274418775951772	-0.338735727798836	1.647786185070411	-0.7039912420842382	-1.3631789277783257	-1.603270652149333	1.4060856812530094	-1.674911902308464	-3.2021311421560337	-1.3761402036656032	-2.6206524734325867	0.452127235563364	3.3435078127714237	1.1647142867877847	-0.748101483018178	-0.35948551597280637	0.8114747657184667	-0.31475693866228444	0.09071107896422778	2.4218362737263512	0.09668068975241627	-0.16166667735878132	0.8571689979671829	2.251205751388255	0.34436147411664325	-1.7337848594193517	0.9149735010246459	-1.5102631902398422	-2.968639439430147	1.1293216758086422	-0.2319253876077517	-1.7828634804622694	-0.6145809765625745	0.5030546039554544	-0.5768605044105422	2.206047522451948	-1.6524897230001503	-0.08295123412140779	2.8893540464795944	-1.7359718867502678	-0.00388311289442986	0.1274799271453199	-1.447983184014447	-1.2260642642435169	-0.2525557656987392	3.323246644519392	-0.021884472515548904	0.7122464363236685	-0.8224810654339069	-0.028831727158333143	-0.2804219821262934	0.4617807999962852	-0.5362796849412106	1.6849698192934144	-0.4106171622682931	-0.3491941899236511	0.1370696615122985	-0.1665845989421131	1.7492364472594142	-0.9303235193251302	0.7932147568070007	-3.752514433528466	1.4717111982335553	1.0172852444991791	-1.3616463935002685	0.6296856524580616	-1.033650517195463	-0.6132570050511863	-0.3213893891583344	-0.04085917863272881	1.35734631932151	-5.674803976626957	-3.1250013978598874	0.114614641694265	0.5572949323236888	-1.2768789201126949	-2.4261892490782015	-3.1917413732926088	-0.3695660298997229	-1.2885581487224147	-0.23555127665364511	0.4640137544158718	-0.45916322021014955	-2.0526013387101036	0.5961662364006043	-3.0290269911032297	2.1456226003028687	2.539561355927138	1.7850311065155369	-0.35492348079276564	-0.43697323809551486	0.8604076640680433	-0.25805438493688904	0.3943847322695737	-7.625253674499691	0.47497578812073227	0.13206345339263367	-2.202802289465842	-0.3568327928692565	-0.5601245228733335	0.0
0.08933725251716144	-0.5877272086135824	-0.3444483494907097	-0.34228950206529013	-0.6770486565346413	-5.378395003931863	0.0	-6.007521331310272	-2.150092563695378	-4.130075715225319	-151.751708984375	-2.2826496637239813	3.8369301105150955	0.28921164421169737	-2.740059070620062	1.9236590851502247	-2.9668491930163725	-0.7544562905136222	-1.5884418184868991	-2.2933278956071095	-3.0865565376437227	-0.8184742092810295	-0.7519203488790974	-1.340305076046574	0.6099826829572176	0.9775872524977653	-1.238640582119977	0.09286071101945222	1.3003815070966656	2.972030992971526	-0.10467180335521697	-1.5778606576444227	1.0545240843273473	-0.9735735039514034	0.15836093348526903	4.216511828867019	0.6658931260826648	-0.8454174975479912	-0.048558777943253514	2.33455506278529	-0.7376933058357646	0.3551624885935714	4.037011078535923	-0.08470129797761702	0.9379051410763413	0.8375909322134285	2.067043254830701	0.5082887854604494	-0.6839685160742115	1.0237033697384819	-1.6981288863030093	-1.999082104125548	0.8004141278936795	-0.23533909476750733	-1.747238237542486	-1.0920801246439806	1.0664898743006317	0.6743810915038534	1.9457314828520311	-1.0487408640563187	-0.07296045810109426	1.6674500248258615	-0.27704046450384046	-0.023340862555253215	0.5566348590010362	-2.292059080558829	0.4947556536355167	0.5606208564349497	3.3515515653087258	0.378520887816891	1.1377196214791085	0.570050787773427	-0.013094384174673039	-0.3902397828364591	1.5612581581439053	0.06571076998468672	0.9308514685756495	-0.6896452175120831	0.48345352898625765	-0.47063018477964125	0.8100227755973773	0.27827601712043126	-0.31641277653120814	1.4951619609378655	-0.8455826240930367	2.0850992472929377	1.5748313459829033	-0.01145956882021644	1.4585474628513142	-1.1740886478424073	-0.30810320205846936	0.5789036551439317	1.6313039814037793	1.5488778475375302	-2.5016579009404705	-0.5905787215247983	0.771596527301541	0.4610452105465171	-1.6230907036519762	2.139703018504173	-1.4523067452493756	-0.729582857627135	-0.2259945971163296	-0.5797108758222942	0.7799571553823249	-0.5178172042814166	0.048814831461225235	2.5872200391814113	-2.4017258352246778	1.6178563686520284	1.7633137684315443	0.924333765956712	-1.1224760005211496	0.19174065829010017	1.7328923251107335	0.36373944992820423	1.91848500155259	-6.211180468481034	0.36979584533859183	-0.39616820327655383	-1.3176711014875395	0.2816403233083328	-0.623283501953951	0.0
0.3157009341958145	-1.9570686448255883	-1.1808841270484174	-1.5828216968883169	-2.8828417476504407	-1.361761953149523	0.0	-14.363263368606567	-6.936418465442127	-4.672943338751793	-204.60389709472656	-2.5104448798782553	1.9239939261227845	-2.632463420107744	-3.1266120735196594	0.9285901452762535	-4.695120710859854	-1.3521222027370354	-1.6859746708905732	-2.0257728386808327	-1.1235768952663394	-1.1956013331495265	-0.14224575101024692	-1.2039413180841942	0.8668978663964261	-0.06967665858266893	-0.9614850491837219	1.0834187860342785	2.3045676924874274	2.7152422861920464	-0.3393959239721298	-1.3987726920278436	2.4517366859045895	0.14283695247301714	-0.6001830122597483	2.484811632041672	-0.01664031275868183	-1.2921941969910657	-0.08737085381936696	3.7352617940943658	-1.821168021004424	0.108814330096694	3.652502647156052	-0.9912214621209897	1.512112265485357	0.4710098978207268	0.31742785195425405	0.2108197280811885	-1.1506232540858419	-0.5670749317489077	-0.35619459515818724	-1.243131829810048	0.3173594524612428	0.2289275254141416	-1.393605816657796	-1.6718301966227591	-0.01736313267610967	0.800566168074988	0.9825543114805922	-0.3373865258923713	-0.5201057061730396	-0.5503116305008894	0.2516911095543497	0.9414506822205375	0.5897736586898351	-0.5895113851875067	3.133713563045226	1.192417740895262	1.5640818751805152	0.041980716469595086	0.5775400864312777	1.3312502101932655	-0.29254719476527197	0.7033182802276874	2.599734005473909	0.953144842297724	0.6622224033487086	-0.08622203567617778	1.1560895215018707	-0.0608676820845095	1.4779692314081259	-0.7901894412011155	0.4345972139841665	1.7704828951203406	2.7418644861529837	1.7248609283260097	1.4868756143657638	0.456909640268846	1.3167114555835724	0.41027045583724975	-0.30566427895063886	1.767697955981442	2.758645352345632	-0.04118920414321191	0.9092327695684272	2.2275839427951722	2.130187789691943	0.00875159651859776	-0.05109357213907277	6.555438656603571	1.5907884540721022	-0.7104837315893926	1.5438728483338562	-0.8990057873301172	1.5933546262664784	0.7090945612254417	2.034558027060259	3.482927184402943	-0.3034727568898735	1.1983452170372222	0.6532412048990047	0.055669872114846766	-1.020441279020421	0.8009473384776294	1.5830240239948035	-0.17987752894560496	2.4168888335657672	-3.7515912436579284	-0.16595385526306927	-0.4315067217191399	0.7689577655214911	0.7492637529473316	-0.6298828871122428	0.0
0.16223221950938987	-2.536102443782832	-0.7066245091805509	-1.8202618285471743	-4.372199617603675	-2.429311224392482	0.0	-15.343255043029785	-6.921318255364895	-2.4162634868046333	-182.56320190429688	-2.1458676786563475	-0.6289342249161564	-5.309420050360089	-2.2638863383173033	0.007371300674346556	-4.694138715960204	-1.660302111318895	-1.876419475836883	-2.742432373265425	-0.3790277126042739	-2.5270376509972037	-0.31439396940733355	-1.2650194514244137	0.028381263464689256	-0.5254794921576054	-0.6774786189129507	0.6715297779594873	0.34062676094053834	-0.38734768960211013	-2.6727179372906686	-2.649278138375169	1.85106027196867	-0.35696709027236445	-1.36530847415376	-0.6393448242167542	-0.23238675518950913	-2.1007727070954507	-0.22188132219016551	3.5880271145462537	-3.278511923745784	0.33371327191159345	1.2701890889160665	-1.9304434315061771	1.5869602532948617	0.4282247374831426	-1.6546591084324203	-0.6785390525538888	-2.3628752564008417	-2.457664322891386	0.5608776849040991	-1.4093392881017828	-0.017391398408904225	0.45117647393255045	-0.9501042339687396	-2.4697230956703424	-1.5381723511117427	-0.09330847772747972	0.5948253135909053	-0.30541575892559636	-0.9545879389788089	-2.0382817412567573	-0.2160840025064589	1.018816975486414	-0.4491987507120311	1.2243692392949015	3.8634789998358396	1.0968843669670378	-0.7639267817374809	-0.689064716687426	-0.950483565954995	0.48254775456511056	-0.721419269349012	2.0936964548453516	3.2063616802768102	1.1488162257736272	0.9544215051039141	1.0294888665804924	1.2538957559736446	1.155205867522932	1.6613449502699809	-0.3254342598548113	0.8461674809574135	1.21637499877451	4.767707814081487	0.739399352850758	1.478069566404648	0.855287292464213	0.5165627478795537	2.598471065282822	-0.2605028290634368	2.1562628168385567	2.0562146672021204	-2.0551336154473567	0.736571511300672	3.6473535942612214	3.106430174312859	-0.7564041211684286	2.0369786570654878	7.744279300599078	2.9471178022618907	0.054777342621441724	2.7567757726719133	-0.19271868265769332	2.312604776069779	2.1700184456741725	2.4025056763685178	2.1874475881457327	2.6470947361197963	1.415862789704195	0.22713041922097252	0.0342507867473894	-0.465305076820867	0.8940217892244711	-0.41593307074159386	-1.6947055598100027	1.8653339136305243	-2.936826151265548	-0.29411334572014985	0.6488014133505975	2.8504001595351376	1.055405588708697	-1.018537239118346	0.0
-0.22299621555684465	-2.3064794387010967	0.4346159479639434	-1.0787807749618183	-5.449332101230926	-6.057897163288934	0.0	-9.359239339828491	-3.0088711007394724	0.023473574683584016	-115.31951141357422	-0.893053474115702	-1.576809417270124	-5.41291881855144	0.3709673217975246	-0.5482480408601373	-3.613278182174163	-1.3915002087352577	-2.4104305378477875	-3.6713018530186403	-0.28655781208173087	-3.760247410881141	-1.1147792378683994	-1.680552554100451	-1.0125846987204818	-0.44643124911484333	-0.7145826205404269	-0.37307281908225326	-2.324467922362049	-4.110780462657136	-4.880669531345368	-3.0906523373027706	-0.07640370963649316	-1.8638111316460244	-1.8260591226741583	-3.040251201303145	0.008082013693638146	-2.6285180635585794	-0.051991030097835594	1.4126109076763382	-4.063329441998249	1.3540762985611092	-0.7454100723029687	-1.9331218200384046	1.4748701988954953	0.7306668082807175	-2.367009901457419	-1.5433965101838112	-2.7152363139804194	-2.625797518859748	-0.09833432854921148	-1.9869336598508416	-0.0191135020617814	0.11614115496739646	-0.2950186592554956	-3.0635233138268814	-1.8438256795793264	-0.8189768964189578	1.63657347945606	-1.1046277385880083	-0.690269201489802	-1.9638744886601116	-0.5096673105639973	-0.642895867242171	-1.8942730096604328	0.5363252770330291	1.747814697056642	0.33483845681189733	-1.8658502307165452	-1.0327746720496351	-2.504598431490563	-1.2922891402043974	-0.9657111269617806	2.5939396340570866	3.541427881944747	0.3589800240398191	1.2091386861541644	1.8360019427076992	0.8749883971144171	2.016518534014297	1.3616006499996371	1.2283618419377271	0.8417708074585313	-0.026509486646155902	4.353349417956038	-0.34455256867353046	1.538458244566866	1.8462530393492091	-0.15211760492648108	3.535138948261738	0.008032145327552939	1.3610794194974005	0.009814459188583785	-3.1455687439415305	-2.4857921192125114	3.1361736094084334	2.537120182554577	-1.3465725888869975	2.7904948114014383	4.906117151989493	1.462422796638637	1.3979316969494244	2.444304468722718	1.3418052211394849	2.04834449070281	2.242811127200705	0.9435640071119581	-1.0646849045157432	4.890090621237097	1.5265097933869933	0.36834336957463654	0.6771569636632473	-0.7539632934686187	0.007900830017308057	-3.401758890748024	-3.389441071152687	0.45410848963399264	-3.7971862327422086	0.20647429022938013	1.8890427422752096	3.101276463478321	1.118109065930468	-1.5219508470435228	0.0
-0.5655558180933961	-1.7765322000883959	0.8519313417756084	-0.244525037644939	-6.171694093562187	-5.964656097548349	0.0	-2.57246470451355	0.5155496896348066	0.5946201306992563	-34.59255599975586	0.4685186321696276	-0.31309198120143267	-3.097038316605396	3.2792449480083388	-0.8813270515571516	-3.323185301804669	-0.6013256829245003	-2.8699830201767327	-4.00643136990429	-0.0367644760703695	-4.03805615402088	-1.7548865240937248	-2.542092389699937	-1.091024971740513	-1.0560156890182488	-0.6511458277322903	-0.36648670279655865	-2.729167344467191	-4.8357657736098325	-4.6945989641547206	-1.1409559802069693	-1.8063294560521503	-2.766473013342933	-2.08542314099044	-3.718267783885021	0.31808420817833394	-2.1281687376777763	0.6484901832623614	-1.3751136261315746	-3.270752830319425	2.0046014068783196	-0.2462153451590629	-0.8845191364204079	1.3055628222134326	0.6748901613602283	-1.8654511079697285	-1.410508718312023	-2.0605272680472937	-0.8219265550740551	-1.6325988323667375	-2.1683292929674427	0.17975958703631956	-0.6617192680121011	0.5437858978079425	-3.060634395992383	-0.5933747080747377	-0.42859492686103745	3.0854282064144227	-2.1148946358253493	0.4154905252268209	-1.0982297623257449	0.3336227985377284	-2.4261803254860395	-1.9271527791007175	-2.311516735557234	-1.1031642568350766	-0.49343359830844336	-1.116329360066565	-0.49159724188307996	-2.9057208157673076	-2.487756671855416	-0.9284481609278633	1.702312681614635	3.6333106130598085	-0.6324209268527603	0.9798360825801382	1.7206919487571675	0.3306205261279555	1.5081892727395974	0.6179020789762338	2.3885198643138588	0.517121361263057	-1.3303481340701062	2.4189967584898113	-0.9592092601216842	0.8167724455003258	2.5478800693696195	-0.5021496583881268	2.5054259365797042	0.2674476451237796	-0.0006012282924862896	-1.7449167896331665	-3.1250726813388643	-4.753826612904041	1.5257598409545607	0.49266561476740045	-1.200407124619126	1.7643256418497315	0.2972320578992367	-1.2498875359423745	2.3956826358706085	0.7973021926054595	2.1898297312149806	0.7058832813696615	0.4439738721481826	-1.0049664526645625	-4.54259120002389	5.136449899344608	0.5458725894938148	0.2507856468199402	0.9292675244998043	-2.6001617099464567	-1.8658283830636133	-5.254489541687072	-4.662335722645124	-1.7539009130884742	-4.427564503029705	0.49119926654492263	1.6203057121654802	0.7888226952848707	0.5390060665690667	-1.8176049294216292	0.0
-0.7751678109931349	-1.311154334942865	-0.08580162869831481	-0.31630518371408634	-6.173256754875183	-0.5428102569920676	0.0	-0.7640995383262634	0.6276771527611547	0.13801210810398234	44.18801498413086	0.4482273903675377	1.5181878117378802	-0.9269218851573938	3.841361140671569	-1.463751262166055	-5.026417655880174	0.373406400760779	-2.274656443951244	-3.5199387157611826	0.7821394312532916	-3.2647676947649824	-1.445855429420916	-3.6752934913442594	-0.02985664395422771	-2.9499200057071104	-0.23514856806507817	1.2409487362260332	-0.9781484056808306	-1.8803917370736598	-2.3043549312930556	1.800166119455914	-2.374212806987943	-2.11228472311446	-2.311338343655555	-3.244392890672777	0.5911043789237738	-0.6523838318054281	1.5909571156630085	-2.6288709541683204	-1.0958771847952635	0.8797984542730062	2.1057612938723835	0.22035280280286754	0.8975157290262239	-0.26714805822179777	-1.5291647956532948	-0.09870094900566434	-1.7872233076639914	1.03653626445089	-2.49837359044788	-1.8079138131486991	0.16888122977826905	-1.6526081445596077	1.0487889604586544	-2.5474715381115676	0.9557781586296518	0.7195433155692297	2.7815983109723996	-2.4059418379110378	1.6530299071504289	-0.7810944972344015	1.915236491153295	-2.155612347564823	0.425906198487865	-4.307719269534573	-2.0144836223187226	-0.8365561747945834	0.4443838308880463	0.6107198632597135	-1.752498719318946	-2.299975062933087	-0.813528703361477	-0.10329109813095233	2.984007342940285	-0.8903373075962657	0.4976824348171552	0.7265116457109166	-0.2200172653443673	-0.178748645765786	-0.45280585211573865	2.21899256288759	-0.07267617962505452	-2.045188263986361	0.5247681348542259	-0.8305867787833526	-1.047207596812317	1.557286749644713	-0.9615950827502598	0.5422271521687507	0.24268622204704313	-1.1554469074230505	-2.1979067683681963	-2.522569292414505	-3.2523354491015444	0.009171357494778931	-1.757911645084898	-0.23652305924794176	0.12598719837060615	-2.801882064273191	-2.798312458894394	2.006823860354476	-1.0951527696268537	1.1585493622806624	-0.9094503744409002	-2.070500711829537	-2.0350821469511304	-6.1203317160904405	3.337683886867659	-1.1962028582468938	-0.400918797288786	0.042282359316371955	-5.1310643630885435	-3.901704411650613	-4.618394751287997	-5.329792532995343	-4.582383837680831	-3.731214839241539	-0.26703594300757955	-0.386666915280688	-2.74891020710531	-0.9641628997754185	-2.2237530161759684	0.0
-0.9579802009313041	-0.9783204629880321	-1.6042982208431809	-1.5122326478091153	-5.329312057571208	4.656182970319476	0.0	-4.247916221618652	-1.8445402073363464	0.8466433882713318	104.42662811279297	-1.5782735094412619	1.7023978728335352	-1.0328398580814517	0.8912205537639294	-2.537521546451285	-7.611903544495661	1.191468930249656	-0.1267067729950213	-2.3201596965944327	2.118426350147828	-1.8625703803879559	-0.11237819159033759	-4.318302917717532	1.2500088608663145	-4.694869041823473	-0.11552281810177698	2.9933830958459877	-0.23588648522168063	1.1676737192604276	-0.12567692774534225	2.6577991178094207	-1.9889367262437714	-0.5671897240954035	-2.363178680479015	-2.6479401319747056	1.0197733296299702	0.8496818400150083	2.0604216606666643	-1.5747917914436063	1.1358345717064335	-1.7066589528019878	3.3999963031136637	0.29423174667584745	0.13318813867062504	-1.6444569306090624	-2.1952849494577467	1.186143342479472	-2.6809965289737048	0.9257081912430091	-1.9414695190668803	-1.3545122771627374	-0.3524803628693891	-2.639570195351215	0.6162903651576301	-1.9149335206532851	1.1679087736728517	1.1559226636177677	-0.18807806863504298	-1.4622383997181818	1.8898595422688944	-1.4819227702370503	2.8817206883171425	-0.0541420058269897	3.70391360086074	-3.239333526464179	-0.866384876399769	-0.660603267155963	1.2351300692188112	1.400553210790265	0.14092985270198788	-1.206733055359617	-0.8002717086084365	-1.7511564252402532	1.1916712816242898	-0.41152056734455694	0.30926669363667364	-0.4783548602510749	-0.71077463799978	-1.7846412480050071	-1.4850457100672465	1.1822395011905795	-0.6942361492919858	-1.9100772136503446	-0.3522325686644763	-0.2321915355658977	-2.8371503915396525	-0.7860425011678176	-1.5987352082284831	-0.6857911492586136	0.011022711124389246	-1.8911079381388136	-1.7844312297136977	-1.673711384424066	0.6080523437796896	-0.7932903529312171	-2.938331738157877	0.9488348433741065	-0.7400434302972324	-2.9280652937500977	-2.4200512411669934	0.16672309684556919	-2.1928016012365052	-1.105552469762627	-1.9388543899717001	-3.609877755990615	-2.071635278864276	-5.048956189155579	0.6170447364963334	-2.0602466196033626	-0.8345445585186764	-1.501488865648683	-6.476083856102053	-4.734520094627041	-2.341377884503454	-5.26584383773307	-7.223223216225241	-2.675930269131294	-1.6247151717543602	-2.1480893800811223	-5.056769300206953	-2.9180460342073014	-3.3398180704297764	0.0
-1.1429732380501043	-0.7665609944283086	-2.3358676236096794	-2.945847572995858	-4.016979071767406	3.8311834761074612	0.0	-7.752365827560425	-3.7102029910311103	3.305621063722105	123.25009155273438	-4.219041929674829	-0.25801127875456586	-2.7271109330143	-3.5844614401762254	-3.49779668665794	-8.224275408283113	1.6301361497905158	2.6161873940764053	-0.5948179885745049	3.3572005985871605	-0.4349935601746279	1.42789978109856	-3.447095673973437	1.7282047256698896	-3.9994810438100767	-1.2315727488655184	2.871465820252986	-2.6392129118439187	0.3776497904625204	-0.19936405310034752	0.24943339390845237	-1.4361974690109491	0.31374223311828014	-1.9294005332398727	-2.322614509182481	1.454082276835834	1.4437707599009508	1.4787934072729614	0.5088945652095188	1.9965373020396273	-3.6350366245361343	1.673759826899419	-0.629752873667056	-0.6758483831013339	-2.301292459057136	-2.923480684663785	0.8102298040711691	-3.550878625227372	-1.130580592308646	-0.5000763786466498	-1.1041889436956909	-1.1290094311018732	-3.3016443597461214	-0.6811539165844972	-1.3677428055554628	-0.5666033307497855	-0.38836281739896245	-4.2112194518832595	0.2969401047358777	0.44749056998671605	-2.527101515065424	2.317337889952221	1.1801191168586407	5.055435465179759	-0.1988661780487746	0.014417259844475115	-0.33511006082668976	0.6913682526727725	1.3054145827216592	1.3276704075066625	-0.20768823875368528	-0.7934770881322601	-2.241923356548362	-1.1969556690208496	-0.01766785489635007	0.5792837336304641	-1.0588213539350841	-0.922288750846158	-2.196953737504176	-1.9126041851636462	0.43101664817283963	-0.7796828601824701	-1.118585183238067	-0.09151230957782404	0.25287858948598957	-2.6568789867853426	-2.0572081371803175	-1.7131305443028273	-0.40116104698181154	-0.1401460823584187	-2.298564841877101	-1.4358074222992172	-0.6269135124387994	3.0656530143020033	-0.8787550371838734	-2.7046764264596956	1.5139810837832564	-0.5432170353162644	-1.2997642332406412	-1.2422181126460408	-1.9147397798005041	-2.1688830644931554	-2.647860754299279	-2.101025418648175	-3.3631494185524367	-2.0177727818489073	-2.6889973230659963	-1.5944496467195708	-0.90589231480425	-0.19066737608243062	-2.3321492505961383	-5.353947836091625	-3.497980532940414	-0.5906728378497064	-4.121778759260972	-8.283233632875044	-2.661682351346199	-2.1494801266946726	-1.3887447513865703	-4.649965248922799	-4.108563518901537	-4.987111387049247	0.0
-1.1105859213989542	-0.5880729292683742	-1.6269531310407748	-3.2186051283912227	-2.525293489719959	-1.4129779604928834	0.0	-5.2140212059021	-2.5754907988011837	5.979763594166986	100.0445556640625	-4.895576764410362	-2.6030844036082272	-3.337626570727416	-5.619930157277184	-3.109608821582094	-4.8737381127263815	1.5001395233366248	3.961718268954428	1.187611056809072	3.3201980085476586	0.36943533449931437	2.067194373691668	-0.814946553735721	1.1743512615762202	-0.44822710420325074	-3.468984325568157	0.5143644926407145	-6.121909384479683	-3.6908712372735692	-2.1524702068269255	-3.158936258641225	-1.146131512116302	-0.24302198159250807	-0.9855717223281513	-2.0232294641300292	1.1358674722869182	1.0621589487519763	-0.057242054036921924	1.7849296514257675	1.1489528602896593	-3.2201310012327586	-1.9305855804971728	-1.3763557239612447	-0.9625793999959696	-1.4836113838234333	-2.05693495479586	-1.4771237729324236	-2.6266748283420376	-3.1867340372910147	0.8018235607366813	-0.8433197822776579	-1.3991463631997465	-3.2477989098094158	-1.8938525959172032	-0.7432028208673	-3.389632872401059	-3.6407172105142047	-6.611045485910247	1.6778694011220996	-2.1889209513075087	-3.014125486063521	0.5539785784551468	-0.39441410304823715	3.164327161668016	1.8774872277863324	-0.9298082387431915	-0.14776551519850023	-0.3763660830333876	0.5835489312469927	0.9180433642672928	0.21461262722862492	-0.5718696870144413	-1.241056230124257	-2.873139971068927	-0.22989064044581892	0.9249582150760962	-0.614583746012166	-0.5993105941835571	-1.4511874976557138	-1.3933292542237277	0.49586735505703067	0.09184696509566888	-0.11481346445092895	0.9073840128363703	0.3738707459975626	-0.13544980314620536	-0.28781673510304906	-0.7402437088726941	0.8081933043003082	-0.15131008951798597	-2.1670619922735526	-1.2353479401701797	0.35437457795065325	2.3479538383666707	-0.43090199150610714	-1.484275050670187	1.120016277414634	-0.020663384139649014	-0.06178436246375705	-0.5708228153556274	-2.848495588852809	-1.3732353037353755	-2.315512944228839	-1.470262481105225	-1.7620192315973813	-2.2206745498946736	-1.1348144810646772	-2.423913226353711	1.4043843915235799	1.3348240305779762	-1.4655745213922973	-2.024224543305752	-0.6696974539024345	-0.5065775289565135	-1.591645041576897	-6.706697424743758	-3.2634815104305743	-1.0370434514695295	1.8156883492430842	-2.182397209319026	-3.4386819056598106	-5.83826390813504	0.0
-0.5980514099388857	-0.11310911981717628	-0.01790514336312776	-1.5559589004110206	-0.6973004651830551	-3.6452629012720927	0.0	4.114342927932739	1.4617088843757908	7.196042424645917	74.36322021484375	-2.2372450793658536	-3.118823193386197	-1.3533798548024754	-2.6603212914769987	-0.7887421864342977	1.305805601219021	0.6706015475491596	2.6607321679766756	2.215323964299427	1.0635416725839393	0.15563791265918148	1.3401373082195154	2.3532856149326142	0.08055528612779293	3.480572660491101	-5.270854843073283	-2.2390107437999878	-6.373181986339977	-6.256695727120947	-3.8336993198394778	-4.261422720932272	-0.9512894369774696	-1.3975175155297002	0.02809781871752038	-1.5233581528800848	-0.5470295032428112	0.3198137836424512	-1.7925822945104706	1.7570780314823242	-0.38599785086181426	-1.2225399843106668	-4.50725054596849	-0.8965544129411379	-0.4772871594607888	0.3837871593093932	0.5593636331811421	-3.827178775214605	-0.0629728254428518	-3.485220352474983	1.4373776499421624	-0.2581633622684176	-0.6090804474966173	-2.3560053091002815	-1.917668660237181	0.18629495419561862	-5.620645948855037	-6.619066973208323	-6.251507207532139	1.6558592790509605	-4.44045673482934	-2.6631979504373016	-1.31640399315919	-3.327301543515528	-0.1945385523408437	1.7562208460876718	-2.2557341879706616	-0.04142196306455697	-0.8794709632191995	-0.03626772630134072	-0.6081771342134153	0.28719640458025797	-0.11449698334839316	0.6708215318551851	-2.973104117881684	-0.5831384867392849	0.8668011789317844	0.4946682739379358	0.10145612148677602	-0.5035151618615541	-0.22158673511562393	0.8482619443338765	1.5121751646831554	0.6823597613881535	1.9906144949649884	0.5924081808635008	2.694578852263286	3.4492765140804376	0.7583151810755164	1.7685090903043748	-0.2754086452088069	-1.0915558572500808	-0.43510790799746835	0.7440730606296421	0.4071760518210275	0.3468234308529645	0.2418023491948495	0.2939041257518661	0.11390674500656661	0.004305867868107419	-0.4555766138309801	-2.4808927608633433	-0.40947600056962025	-0.9918250244488751	-0.05034539320602499	0.21760141737584218	-1.8540921354577655	-0.9633329266682267	-1.8863404028246116	2.749534934617897	2.55904214680996	0.7624179524226258	2.202125541501112	2.2850618880936655	-1.0442999306693672	2.0308168811847764	-2.8156674164523325	-2.352145237687689	0.8893322003660379	4.812092351896519	0.4031174469452638	-0.8710665225607718	-4.412588669040374	0.0
0.32125657227549476	0.9997828920536181	1.4093413295263386	1.4376274316961115	1.3952420214389234	1.0814000506486212	0.0	13.594672679901123	6.241451897231552	6.460348390299698	89.4122543334961	2.2937977449797398	-1.422047261847183	1.682490958204103	3.8226811292056504	2.2985453065260346	6.508526998557269	-0.6621872125440961	-0.3896592024102574	1.9670257586571904	-2.8420619165551835	-0.7171903729596466	-0.1562050671066968	4.062584817127297	-0.9840516277235644	4.672118243833444	-4.907804696317072	-3.0933975284086896	-1.9494836763217207	-3.8398122937590986	-3.696072202205658	-2.309553954938922	-0.613720642176993	-1.642351095257525	0.5436474289056219	-0.9653569483177155	-3.073878812865587	-0.35458499898263457	-2.8732318715088896	1.404522989410907	-1.1421993750537562	-0.06115262221167053	-4.580341031325275	0.5405381856022505	0.3905993303001391	2.034165032838255	2.908751702851663	-3.768574920320322	1.739552954732165	-2.111102121995292	1.6186487665999005	0.541230138006901	0.8541246994901548	-1.0151719845313307	-0.48885355419432275	1.3220142129436134	-5.908559999026528	-7.0155141461529205	-4.326811475788846	0.4097780827073468	-4.673568423645028	-1.766945906483182	-2.476068559734301	-4.20779666380375	-1.9269127538092703	1.0982496253272984	-1.2679544887240068	0.15968485616550382	-0.6673228269668691	-0.1684692144884455	-1.7426741726576929	0.3366356336005568	0.3330329531097829	2.310192060562859	-1.9397191963498555	-0.2717921225040561	0.2489277491865515	1.4036978011826542	0.509281244093881	-0.15237691918294516	0.8285373220386841	0.6528996093706652	2.3996751047867946	1.1189221946181953	2.4413237075152043	1.6734651117193922	3.244418119247869	5.7408683722669425	1.5626403467129852	1.7997639813125133	-0.6931208916496947	0.7782647185504619	1.238169109261082	0.35986197060715835	0.3065075363431658	1.1258475737384288	2.212248525608366	-0.03003653015040762	-0.13466947914949104	-0.1347330104299756	-0.02512047852580971	-1.9558222993062093	0.23992457979821882	-0.45268297734431884	2.0186173440824295	1.8104110846881856	-0.1246113745939164	-0.6921304434537887	-0.6594282637382376	2.0192558918130623	2.558413046061672	2.964758379820453	6.062751272146206	4.211833244953176	-0.39345044115558264	5.640964930479726	1.6197070628404617	1.3686935296425453	2.0668177604675293	5.044379180283144	1.7291733571007728	2.4328525158117054	-0.5259010031819343	0.0
1.1504765496202916	2.4801623593358433	1.9960828573032692	4.130950904027983	2.7434635656945248	7.701762046132769	0.0	14.256258010864258	8.933402565514875	3.724201027689309	134.01609802246094	5.472234396083395	0.6979492096055765	2.7190528901477973	9.164167442373213	3.8931076751505755	7.317128049199859	-1.8352521042880061	-2.778597338241525	0.9292211012121427	-6.1278635784983635	-1.1398579904996844	-1.282658709182923	3.2601639361431203	-1.7228304442628448	2.586932530793889	-2.1830874433120093	-1.452403171180456	3.5426463593592805	1.3382314508987798	-2.2477199434016364	0.24973149621222593	-0.3508099941695532	-0.5318601224175159	0.34198157010947716	-0.6666527460940284	-4.909818249172531	-1.1008118099087607	-2.9245923939264484	1.5663658517291983	-0.4701268498459433	-0.9602848773795194	-3.434066594252592	1.5671432567681756	0.9211357069502545	2.4384917747417485	2.7211232447396903	-0.6538151594263221	0.6923346006677218	-0.5274546817684912	1.867366156739602	1.087265600317291	1.8141783754857599	0.139288725488702	1.530000583993064	2.193791128695011	-4.174292152366516	-4.177733974314706	-2.6140712810789837	-0.6645982356979543	-2.5757998634202806	-0.655611568794972	-2.847598072355506	-1.6883032231786446	-0.837784438842921	1.8957316842861474	2.245152526839101	0.3847807105205551	-0.507435763934439	-0.09884521841135138	-1.2693537627724376	0.30080038071529147	0.5264054782455787	2.6810862758290877	-1.042951391329841	0.690611766817251	-0.7934617299307771	1.4322738381797226	0.05115176355575814	-0.3595194141146759	1.1928145123609142	-0.30144206686945985	2.113283461166753	1.4099430600724796	1.9071553324306891	3.799632014315053	1.0809751431719006	4.364863565767354	1.3097603290767994	1.128590318441391	-1.2225173241499092	2.464286956072944	2.766810398319019	-0.2801254821562134	2.598123544905366	1.559556069271639	4.056281610174436	0.56004766476402	-0.35784874280998064	0.5759642041006754	1.147854323227945	-2.24354713754012	0.41848765201665805	-1.1959179215637095	3.916724953928898	2.617345264332343	2.2128860783009303	1.1793771895766259	0.4341399001664129	0.26123160388656136	1.5947673755687892	3.8469739824246902	8.775442673818215	5.086765884090278	1.6366825078707188	7.798501283973455	4.49239554131122	6.373849393759783	1.9123041508029457	2.6864627238228973	1.9188271877374725	4.893460293312545	4.294686636435134	0.0
1.3509369446989692	3.2924798700301086	1.864472574391565	5.108552526384592	2.130975108197395	7.638500039066587	0.0	3.493796467781067	7.565426903466384	-1.235571684893863	142.11338806152344	5.283240585367918	1.2498256131540983	0.5087205823077712	9.43283578851922	2.8175709418200676	3.6532636637252476	-2.107412476590802	-2.8198559799166105	0.2940884980890486	-6.5736321416022125	-0.22121872400086393	-1.3413311510243744	0.8705959269645238	-1.9645773558781066	-0.24390310968269505	1.263547597218443	1.2168014664259543	5.100219262115071	3.557453093194851	-1.183201576590538	0.6984259843637671	-0.7088547176258131	0.7454906800325881	-0.32155922469143383	-0.8570121440665619	-4.853109597868752	-2.0827218914283034	-2.164659705509742	1.7181178899695173	0.9872113053615277	-2.4203635180450003	-3.2114403139653023	1.149411849771874	0.6845571540354058	1.584637288769679	-0.021414166916224917	3.448174899177892	-2.476363829921494	0.13800670876750878	2.4629150839054095	1.0781738035203445	1.398276946563838	0.7722129641187112	2.861196480503287	2.2811420876253394	-1.7296567321649159	0.073497914161496	-1.5118488845798899	-0.2669092040734003	0.36599850609699	0.4929066992864558	-2.761156075494899	1.7657875745052893	1.3540134583231356	3.5677781367558055	5.038348882649712	0.32640436029446185	-0.9843564883246078	-0.29613016612134413	0.5728643740955237	-0.073458699819172	0.46602197945200413	1.6746153869760145	-1.1369955415527027	1.313930628378645	-2.045772312855234	0.6267571249045432	-1.0274300573295092	-0.6097130620470954	0.9993759787586682	-1.4934222792113616	1.2646347956446113	1.945159640844462	0.8133127492090518	6.12670051299523	-1.6385857372832813	0.6694995118813081	1.02349263833741	0.4711518961787224	-1.5398798207309559	2.948670878915525	2.738408634583502	-0.4841591951857626	4.9062689617902295	1.6293231698393356	5.069801693349733	1.4620301679267989	-0.43878509254375503	1.7199319793387902	2.3816497452420795	-2.8739161238862345	0.348569376115509	-1.873155814915522	4.334545382452679	2.454519474104991	3.128240578657105	3.865631833970547	0.927730746663593	-0.6580071090698525	0.6588524728212305	3.161132345137258	9.69601885036572	5.459887139278195	3.1257980236737057	7.6145059767613805	4.7314359177456256	9.320826121064332	1.2767983063779496	0.2636680629485371	1.8989764739220079	5.5319636681921445	7.868578701147011	0.0
0.8403967136690379	2.5189643693211323	1.5291719749127026	4.227482052309947	-0.19673138095977458	-0.9324343885694232	0.0	-11.214988231658936	2.4070470438131855	-7.534934506976399	67.32717895507812	2.7781097691816194	0.1542636019177735	-2.9815864500178155	4.9778943110758505	0.3492932514657816	-1.2284318950204622	-1.3271774058262784	-1.1050831825996283	0.697704439582648	-4.15030150309853	1.5824216990066426	-0.5764165972981545	-1.0497452870265327	-1.5610325331446426	-1.1059820896026105	3.447555323662581	2.977555160948548	1.8891166575943654	0.2507371601683122	-1.4106755753755569	-0.9324749294149725	-1.9203842849555341	0.6849576658073891	-1.0085727739514576	-1.632837639139687	-3.182277852160041	-2.8602105489648553	-1.058346045576036	0.7490764461059607	1.966699151178965	-1.9788322631485653	-4.2240939245517986	-0.30090815496909973	-0.13963502533697605	0.3146396380469363	-2.8246207959571126	5.5457238499223	-4.817132977022212	-0.019964816044389367	3.128176031775816	0.6671409553123845	-0.014894714137396499	1.0375883565623536	2.851477803747085	1.3851485810615123	-0.3238484985724261	2.807958172318646	-0.22598155675565496	1.3682130536458286	2.005056941292199	1.413968771285088	-2.4550279771545154	2.707546754540038	2.2622273929899546	3.5751731113996357	3.8509420441811026	-0.14324199715353278	-1.71126283975224	-0.7603651285581783	2.237618422236394	-0.7379747303410736	0.3231145374798178	0.054911564112803256	-2.0016146167403175	0.7817018371407348	-3.2027506051572407	-0.34778187340283295	-1.7637053417458253	-0.6745462967766068	0.7626659789615694	-2.2911901777564	1.079001979656005	2.8008177116484263	0.11210449133068323	7.307115446253914	-2.6133202385130545	-1.9914179915731602	1.7169891222048614	0.3203035292141139	-1.5810455278364635	2.191073740378204	1.0266762401051917	-0.20700300283795964	4.886690419824684	1.6842432576231658	4.597376364761981	1.5783935838836098	-0.6615208259213772	1.8207427230988478	2.578394342953735	-2.4921480399648566	0.4567656991476158	-1.0156206662726144	2.641746358845708	1.4208745187380873	1.3945426598546051	4.753049094900489	0.914150737328776	-0.24646475556266817	0.2927241196645604	1.7143464872362808	8.236779126410301	5.346328343967986	2.203997247181833	5.3915787804623445	2.856806414245173	8.135655561590998	1.1379539333801303	-0.2106524940847907	2.169560887794263	4.465558413295196	8.891198976125036	0.0
0.09046928774200803	0.4924669269581928	1.3195513552608347	2.55104004798965	-2.2005914437009935	-10.345132657459803	0.0	-18.66305160522461	-3.6865760308379927	-12.004031799990555	-50.45322036743164	0.7489878807663537	-0.8515757719054818	-4.624475382923603	0.1008150284438569	-1.0347895101273814	-3.795872019623559	-0.13190332496900214	0.295250056849909	1.4488024193655562	-1.0841374410505311	2.5805076686419035	0.2453583578991469	-1.2861130343787748	-0.6509429910059633	-0.09870560603337392	3.817976617537163	3.14149396247188	-1.602870676415355	-4.505635084708532	-2.1746267331838607	-2.063104409583007	-3.4315256972260997	-0.7374075441720321	-1.458186679157976	-2.9024619157004645	-1.2891668159863912	-2.647923464400937	0.0816284660042988	-1.2149512765516761	1.6940194060150375	0.7333734197461087	-4.653945776042093	-1.324641997631215	-0.9795325208266885	-0.49855196857918993	-3.079230363528102	4.513617098449715	-4.26948525556005	-0.3517507521466082	3.1052182245759936	0.20530677743492617	-1.1025842749405779	1.1945738980356937	1.905347556402587	-0.22392493614926934	-0.6835215569219806	2.5226230844422135	1.4552570130018627	2.5410231857391814	1.4613086727737379	1.6818038475640806	-1.9613405592825222	0.8500240966037215	1.5173804193413516	0.867270142538473	-0.5246117540051283	-0.6650257829014701	-1.7923246466582923	-1.0201590501083808	2.3095959517097957	-1.2556946807663434	0.19455565398305094	-1.2382211225842117	-2.767914589435335	-0.43774818534972054	-3.765602473803118	-0.8356019133382272	-1.432024913316264	-0.7718725610869617	0.6696208161210605	-2.46979179750543	1.890362510605464	3.375846154676163	0.36224626563489437	6.504641758434683	-1.8840416788304453	-1.9413924263282256	2.731907705381765	0.5678039214611054	-1.5291909487402706	1.1358035867749827	-0.7775480706709165	-0.11462318750543404	2.8313070714098063	1.953408591123298	2.6482506140258173	0.4060837362411913	-1.1381424948739916	0.18422446581859922	1.38083676516179	-0.6452498971024058	0.9757933500762577	1.0728614838424944	-0.17151065729558468	0.09220904501880839	-1.7896210349076205	2.4799408711493016	0.8195410917802104	0.21364406177606346	0.16442196948393697	0.5675317026459827	4.600076859839703	4.127519439062956	-0.5136801595054566	2.484160831818978	0.4895190394721752	3.968925795669739	1.2710102133590866	0.7750733776907013	2.4714943485255336	2.639886245167778	7.617958422643798	0.0
-0.2956785727247777	-1.2393367500920944	1.1635114016154637	1.2989524986120788	-2.04861259714086	-11.59133333819253	0.0	-14.722689390182495	-7.034700516611338	-11.177337834033473	-114.97417449951172	0.6072303913844921	-0.38051743535324933	-3.3999294014535923	-1.072975879525624	-0.37548519603638764	-3.367498665496155	0.6486825789878523	0.0904104569053743	1.3320764324731298	0.4750205931672152	1.4413823026907506	0.651400410307159	-0.5185525345456119	0.15380108812502746	0.22121332534487956	3.518524127163821	2.4332734013746258	-0.2651737575638997	-3.974750761632566	-2.021454643905163	-0.4831392774771003	-4.117818463085727	-1.8603378320707287	-1.6797127417149322	-4.171729158121266	-0.22893187100999057	-1.2415195964681713	1.1910896243113611	-2.35996469275187	0.41021548638231736	3.3141573563056146	-2.8283932562412812	-0.8842318829793467	-1.3309113812806803	-0.6372008766188766	-0.601534071015352	2.005366007664374	-1.7136822096204105	-0.6388999165479685	1.709900235877051	-0.15175096607870525	-0.9433306454865132	1.182997468291529	0.9873637310182205	-1.9168598035443574	-1.820243816558187	0.4478342957636867	2.399682545924888	1.8141021451494037	-0.05224225008521093	1.081566371466601	-1.294931398640419	-0.5233866722886064	0.6770044220008439	-2.28600849036593	-3.519711313585852	-0.6482375444778187	-0.9293964731017824	-0.747201789227942	0.8808149453252554	-1.215268888827367	0.03551971681918076	-1.7513786974029804	-2.737988026014396	-0.923298567515051	-3.2720310991617287	-0.697786972218714	-0.3040097488134223	-1.02205399960337	0.39692552694502997	-2.15503402312925	2.5854657179227583	2.706474123044295	1.080611107405275	3.943423909422393	-1.423191940023316	-0.7039778196760876	2.151250077001119	0.7069663122296334	-1.4071037268711615	0.6565314714183531	-0.886639574925278	-0.7663974821303798	0.9441098768044921	2.1258836938417516	0.029407755310742932	-1.3876288159774495	-1.3829157305116861	-2.0712223777244256	-0.420181489520372	1.4103607476412594	1.6397894494733811	2.587058485004205	-2.081388417400163	-0.681622904200684	-3.60519028047011	-0.9748383602499961	0.932856398075819	-0.5403753149083714	-0.211875799342349	0.1802633282585213	0.401668924239132	1.6821323593604869	-2.1243633240740745	0.3971790321667989	-0.6134817819869103	0.0563868657212991	0.6490636855639793	1.2579717814753002	2.4609072313140627	1.0956765412135268	5.314594797657004	0.0
-0.11379248741058035	-1.361166376619504	0.8033867427636381	0.8703962861407887	-0.3293813759500676	-3.8384078230176653	0.0	-5.933427333831787	-6.173766820795006	-5.282784309880487	-77.50198364257812	0.9843808122598139	0.9047694697510451	-1.3270004788456962	1.4365349752393546	0.7378056150109294	-2.1647352015294095	0.7755741008473528	-0.997637545424368	0.18018487596504942	0.6084753951037546	-1.2678824326309261	0.790882839618663	-0.33529085467447234	0.20526809846532756	-1.8700132541929375	3.9199674820458448	1.7944826132682998	6.143007302170179	3.8706509767997046	-0.34164144277572633	3.320039207799525	-3.0820730980485678	-1.087100675805135	-1.7600054210891283	-4.5229671593213965	0.13531361136119813	0.5470673282752219	2.2531985939376886	-1.0016998271848865	-1.0027207833452103	3.1996131224314803	0.7295359734794483	0.6451717159761909	-1.0639819376504027	-0.5448375360080691	2.312004600035942	0.5483540594651704	0.33620556039728133	-1.0484168952000197	-0.8703126100093475	-0.4508053735194225	0.04075563079868435	0.7521663946007063	0.7102740729754471	-2.961088527273387	-1.9429295003964482	-0.7845543340294068	1.517290081417955	-0.3838498250850095	-0.496527622973009	-0.030720096660732495	-0.5678366062969997	1.447800227021932	0.7331641858859028	-2.6372504952014424	-1.5930085031634167	0.0992937354435922	0.1915153579088516	-0.18366971722083977	-0.5445489627686707	-0.6201351435101653	-0.16832254961072868	-1.563365001231432	-1.811073986665597	0.17738799981330292	-1.8127394564905945	-0.2580965159429332	0.6819616523560356	-1.0692894101200416	-0.2787516267568457	-1.5192296194328256	1.8186155956573586	0.4407509807497263	1.1858928357674317	0.6023148502980438	-2.4013576225625526	-0.7738103689117866	-0.8277529619507871	0.35778375017642977	-0.907029058580268	0.6637314645482636	0.7671941242515271	-1.8698717985730784	0.4740227448965321	1.6452040913281962	-2.166231393261386	-2.5155178708580386	-0.716764000425143	-3.082205927692527	-1.527429725281985	1.988207342860463	1.8520462210428201	2.302823144564594	-1.8280402649065544	-0.45466817875213467	-2.2062681786715985	-2.065895897001028	1.1122353994191208	-2.0841049624350965	-0.7196085629784452	0.1774699472768519	-2.111560838023474	-0.823225630756657	-0.33626138713210824	-0.24756156740089258	0.5673185734858	-1.2407576132508424	-0.9540260095252759	0.31142563583103544	2.274150162641155	0.27350547106622103	3.1496446835143224	0.0
0.3100251048858639	-0.1654916974770672	0.1334729549585731	0.7987943152135069	0.420334260038873	5.378596079801874	0.0	-1.5031538009643555	-3.2435553698903985	0.8600097216408829	3.4283201694488525	-0.2829069796279643	1.0830741447862238	-1.1010585341299342	3.6899480123621258	0.18738512696799295	-2.3272183770363135	0.6872986722485181	-1.2814388904953375	-0.6688184595218412	1.1034780254290588	-3.336584493458744	1.0073584541287415	-1.3233957062804638	-0.419434465904688	-4.912126694670403	4.992369285639789	1.3610236678261163	12.536802418917166	13.589430071247948	2.16825761115551	6.640716204726243	-0.41503908389219735	1.2915343627373272	-1.634949106788585	-3.16289594561932	0.5180247273783607	1.5642707969021539	3.0867668241262436	2.2284457585712154	-1.7444681466644645	0.5430303678672382	3.7901031271900907	1.9334856140887058	-0.4476492380585652	-0.7646251569944199	3.2166598777649766	0.9215526957349438	0.7273015352795541	-1.3582503780914106	-3.281279644030228	-0.6139624443733029	0.6002323831798453	-0.01332238084630461	0.8430149865553084	-2.821392028182745	-0.24127554724162276	0.1790539993350688	-0.5675930423552499	-2.0962624553616016	0.8536375231407609	-0.9102760106893029	0.09643980835018487	5.47033649966932	0.6210856797883837	0.20048123702872545	3.6149323080796654	1.0501577081907185	0.6864879584960601	0.15556425783508313	-0.5677212952963404	0.1557475383446619	-0.2812811961811392	-0.9312068431749256	-0.4626059938990881	2.1174183157872	-0.20344941310432493	0.10185999201484404	0.9527887199030203	-0.49882579973492497	-0.9327737086580372	-0.7240252949851603	-0.33944034698621306	-2.4066271004901205	0.1303463427942585	-2.4464935299670585	-3.5511035652254983	-2.5273597382009028	-4.354045888377448	-0.4054773516654968	0.2037122548525611	0.3708959463131955	2.3330965559419425	-2.468215622749608	0.31587078692313253	0.4332575361127965	-3.209915691969272	-2.2152729332344707	0.8494041475898294	-2.22848775687216	-1.1769934168234728	0.8752704955391831	1.2451146407067937	0.8932638822150403	-0.1288855519145727	0.3189619197187718	1.5159826009046464	0.3614826601743698	0.935254163783172	-2.8690752904526713	-0.9051208309829235	-0.1662154501895062	-1.9854947722197829	-1.8513293451329662	3.937391271442175	-0.0627795498073101	3.7261011561075614	-0.24237661267702396	-2.3454466945043317	-1.0972421679550528	2.2049405110871745	-0.2073613443931976	1.463408006301948	0.0
0.47661773066466306	0.7272504931644482	-0.6570781425449189	0.4694053132425655	-1.2967094113218023	8.615623916898455	0.0	-2.861401081085205	-1.7903491920895047	2.3638477253502814	21.19615936279297	-3.0936103856723225	-0.6477805833448655	-3.0490690182114757	2.0882029063281067	-1.9463797011019954	-3.2554006068006394	0.8190684616468014	-0.0922573423886206	0.2851233861887724	2.9439013492369996	-2.8976257549864903	1.2619803377750636	-2.395647709907004	-0.7983816455664305	-5.681940448365172	5.242568994009936	0.6241985137679114	13.391052232029732	17.179450764920976	4.399335925981402	6.966932455950145	2.7179221534875757	3.2655651046811047	-1.0851248134219371	-0.22899355021267456	1.0800846432612161	1.3869066398145389	3.378087456462284	4.474806663530473	-1.4993146962971768	-1.9760312703640566	4.685080673747462	2.021432036989789	0.03009197164457364	-1.3751288777913409	1.711935461767144	1.6575860762229515	0.7806599664422664	-0.8336011887110213	-3.8321278158858507	-0.30146585815837457	0.049188145368281956	-0.5119620061522683	0.6502813412760845	-1.4353894662857056	2.282151532740417	2.1928679799023656	-1.9333291350699522	-1.8258129880019782	2.7017534491593014	-1.0063784251262138	0.6766927670473339	7.143008657819178	-1.2425045457889707	3.1027074332814664	6.568026427741747	1.3752476272203538	0.45017081691949357	0.10370720545494609	0.7167663594355455	0.6819744059572195	-0.16426839049117348	-0.13807230066815648	0.4566356053664571	3.20393274565882	0.5973562651446888	0.19378233169821107	0.8027257844718063	0.45235790131059855	-0.8848607944068956	-0.07572396703002866	-2.30590374830854	-3.9145242130449076	-1.5158320010893724	-4.406681678231771	-2.6957950464201916	-3.976700440861962	-5.402207546820075	-1.230496133506298	1.6051709933222542	-0.6844453969743194	1.8645901846162762	-1.8568779003303664	-1.327952775133758	-0.8995023900730302	-3.019214524060627	-0.869183675996659	2.3013507845853245	-0.7708109989552487	0.26002301480815804	-0.4393104968162683	0.06339506206486746	-0.08029601893698175	1.0063905974906762	0.6159636848573377	4.768338874762967	3.5522064212383704	0.12263311707767947	-2.2480688132698785	-0.8248390733634913	-1.1987259020276655	-0.6460420443461492	-1.2952043582827357	7.138113990221172	-0.24770718887448312	7.128124390967017	0.9519120668677183	-2.2913313235449433	-1.7254043866260238	2.0335125703051657	-1.1149006625032658	-0.14605018102696965	0.0
0.18041115106443714	0.07262948451235014	-1.2168777427486295	-0.25526980192823845	-3.9001467113799237	5.359740308352879	0.0	-3.1661243438720703	-2.9839822633398905	-0.40499675171128635	-63.32179641723633	-4.703225491802881	-2.8420635434391444	-4.687941761189249	-2.7473500773764505	-3.3434032303202583	-2.3697936335213914	1.015123377521555	1.5697412216686644	2.9836188740200464	4.949044207299965	-0.21045905779850074	1.1378029844561905	-2.1078613350882827	-0.08142988464377564	-2.851901388089908	3.3538205984565947	-0.7028862769661703	7.816791310529696	11.564394489317028	5.915196583867073	3.958551664695238	4.806452018596853	3.1455986694175193	-0.0007307728184906709	2.9816188735474425	1.276757116211229	0.6244831596217726	2.9413865187929735	3.3053593581617022	-0.43061393512110424	-2.1021981610768083	3.714476503358392	1.1167233217240387	-0.0345541888173916	-1.9201266369453134	-0.5760306182210886	1.059965916805797	2.317310079245975	0.8222620561414302	-1.984448942873213	0.7520608892516484	-1.0357787937689331	-0.1444997816772157	-0.28221520890641694	0.6531627010554075	3.8755480818535117	3.100691805869044	-1.5280544899458832	-0.008399070409320345	3.2507914597173784	-0.33729441111861935	1.2453184487490818	3.749868687743956	-4.399075369685621	2.8608800334041007	3.4571327226974766	0.7485031937379428	0.13959929647366282	-0.012930590134228905	1.891187491851884	0.6789201473038431	0.09644852259888077	0.38507734399733196	0.16015786807688456	2.4732767626790717	0.34967086403345576	-0.01837529035253545	0.8139895353992196	0.9209453698650405	-0.1486794773224449	0.02917481021001196	-2.650279695177993	-2.8547417353186395	-2.6408783003518526	-4.824650927333631	0.4085015542537188	-3.3997597187080166	-2.96437491501792	-1.921101092815399	2.583482220422702	-2.0866034819897856	-0.7026930549867856	-0.2848485606697808	-4.391412859453874	-1.6901766069787754	-2.0518399690306164	0.432278150808571	2.419496112405809	-0.4056151655264372	1.5191340756891392	-0.492569845701967	-1.0536624338136449	-0.11460981154499422	0.19862620201331146	-0.20827599728759816	5.37508920807214	3.8005708214640617	-1.1782844065592206	-1.310017802615725	-1.1459897857119319	-2.5398289940337864	-0.633577613892698	-0.8908246524300489	6.341472874768078	-1.4726850002010663	8.396275604013788	0.852070322271723	-1.2618826207256428	-1.8028084801820417	1.0832551057461786	-2.7743695430735777	-2.1240033561629907	0.0
-0.3465794563566445	-1.7221157046459505	-1.2943384214467206	-1.0371424554288386	-4.272457293531996	0.3429875352552959	0.0	2.8929224014282227	-4.489081196900871	-2.3275846740680524	-179.56239318847656	-2.741994101789837	-3.3340376701555217	-3.3261067930955526	-6.551471656878587	-2.2787829819303678	1.4881354713240864	0.7706018061950229	2.2785765664375504	5.627375377990582	5.248205435016881	2.548469870809525	0.4207784805592604	-0.4153676738943716	1.4477685126989823	1.2950074629131532	-0.10010839104652405	-2.2450573784185965	-0.018353001748243076	1.148496178234065	7.058928830146789	-0.3624455730749082	5.019089805808934	1.2603712739779593	1.3247668079396333	4.777838577912505	0.7935043595371098	0.21204380682953025	1.947831644821498	-0.7238821615073973	0.9247724791176808	-0.23903253787885542	2.3580837150751224	0.16634367239751896	-0.6413948720915367	-1.859619049712865	-1.7857919962982	-0.7256889621771517	5.099285823372211	2.6831543102999715	0.945042343058607	2.279289193096615	-1.5312955134573978	1.0086925784526826	-1.5314383660772382	2.46522989182733	3.8456415902103553	2.1631730079428104	-0.35562544622842	1.5846475406593625	2.21009110975541	0.6398757766568806	1.8649846921707023	-2.607438605075921	-6.267702736603699	-0.31466944635030814	-3.771087095411639	-0.28226557565082366	0.23825895894469337	0.1383459879991102	1.700839674464766	0.0646043098843645	0.21665149925302968	0.18914734708880065	-1.3380733917925567	0.6109241516200253	-0.2513232558306788	-0.46375623349321343	1.0065817488220465	0.35253085835358583	0.36255113481470913	-0.5147477112525751	-1.6140708918215105	-0.026208178730906216	-2.637635048394176	-3.7759400060243697	3.421642022703191	-1.4242422503503886	0.615938588724298	-2.5664613884091376	2.7369072192941686	-3.000460837274881	-3.4475232346767912	1.2084179687750551	-6.626738724588346	-1.9114955194527283	-1.0546596624723106	0.8440629214699971	0.999083326045257	-1.3853016350564524	1.358210310385358	0.5751155042754752	-1.6340458317988644	-0.14378488277971457	-2.0635810361597047	-1.7767628806691285	3.471110322787648	0.6138798755407333	-2.4635524847384156	-1.3998797910190872	-2.1680671088597787	-3.37674250607737	-2.971447503370057	-2.36102579166576	1.9800008532591165	-3.2653102084994314	6.156960971393557	-0.030471807580727796	-1.182664805609319	-2.544779646972364	-0.8636276276823631	-4.524541623237265	-4.242112420925072	0.0
-0.6883349740050128	-3.094208896434044	-0.9091726318001747	-1.4568984894115817	-1.2566201027403487	-2.7077633876885687	0.0	11.580655336380005	-3.4689176523437104	0.1587306271339285	-223.7899627685547	1.7830646816584073	-1.6694707170856418	1.0623087764238441	-5.793709390451611	0.12363735977448075	6.011405216559531	-0.013576198747003828	1.7023126794665586	6.249191691464296	3.6915657414474348	3.269935897150491	-0.4649767288822638	1.215151614387228	2.450393444890606	3.130061575687338	-2.718035359404705	-3.351286238880324	-4.935369072335489	-6.616129944280342	8.127233680486679	-2.9782929390291626	3.7117531119535365	-0.4966731236137925	2.234763657419878	4.281376848696853	0.2044558844254425	0.550780504901448	0.8607658875278301	-4.38002664646763	1.8009814784312859	1.4374298053807106	1.551714351648474	-0.16828153977162727	-1.2978932701308528	-1.1058945478024809	-1.3393401772738829	-1.9881589262199306	6.821050900660516	3.263745572322231	2.8011615073733163	3.484441341861846	-0.9811564547955199	2.1591058759919264	-2.1657116618630656	3.1119787166267634	3.0807717015096303	0.6592567072101433	-0.09651286653516923	1.714696786672677	0.969928698744677	1.3959227266221694	2.48553155139945	-7.03497352884458	-4.969713140949071	-3.2240135887404904	-9.246698531283577	-0.787862014112894	0.41744059828260555	0.44599012356961254	0.2467501489697276	-0.9590150308200197	0.015282168728498661	-0.6409121323462337	-2.8222795008193877	-0.8159570825092568	-0.29744306184845615	-0.8671615086495876	0.8428501820082174	-0.7108398009465583	-0.13542237389357945	-1.250687871097533	-0.7249003168609407	2.1550988022397464	-1.8187400429424914	-2.1639950177066516	3.8194067389201773	-0.0931616165082563	1.8841956712431827	-3.175094727292657	2.369834444375564	-2.987350586915343	-4.293525165630365	1.6319482179473987	-5.900137712631156	-2.0212727896665457	-0.7561941741504402	0.31642074113726215	-0.799404157061519	-2.329493967859551	-0.47127938611945625	1.4680507023419653	-1.655589916444612	-0.9625782138051618	-4.00410828418259	-2.9991512387168937	0.9106750640308573	-2.7892099648714064	-3.160919804511399	-2.229215254609901	-3.046544641096105	-3.1296351958209505	-5.919318399437658	-5.2119382110503265	-2.6422925386577845	-4.426110184192657	1.425451745382012	-0.022647022934487233	-3.144893285145776	-4.120115371039543	-2.878473093243022	-5.0787907451675265	-5.490092240653134	0.0
-0.6098686079351403	-2.929912448017036	-0.31343112364932374	-1.3035117527029731	2.967719857917821	-3.605118444987706	0.0	14.597177028656006	-0.264068931237691	4.441322474644102	-164.93983459472656	5.155830107249168	0.42113540910650044	5.655151863170918	-1.1946700122680156	1.1181754523618932	7.424037627619568	-0.7466322510825614	0.7005989268582198	4.396858948745109	2.0922160233924356	1.737260130150293	-0.7576358411918778	1.492245343240975	1.8594769229662829	1.4681248860231864	-2.3419737819996147	-3.696874853868977	-4.992175283915039	-7.731310031590638	8.66689432746172	-1.9181871750875363	2.027586544440551	-0.6622977819927829	2.1989052903882422	2.0791770435144863	0.36230055224768876	1.3340951260989127	0.07777703701414995	-4.801973624993827	1.6367817236444888	1.59725663319662	1.0549734376297502	-0.01810788727888075	-1.3702285523718434	-0.14358144480208254	0.06087082952766095	-1.6034958561261494	5.701973052431456	2.1140172004560442	2.4906290756376483	3.623499055703481	0.0749055952474528	2.510372768569466	-1.6617272804406555	2.427218610742129	2.7778040683968523	0.14947075684681732	-0.8755461912437835	0.7114395187205116	0.8096597558852672	1.5936279460878633	2.9115775900668113	-6.678049661123052	-1.675571178789619	-3.3162668333388865	-8.874623578234813	-0.36069733227064055	0.025780682574317912	0.5337945292888431	-1.2822805333731544	-1.8142976894057252	-0.36709561235469274	-1.2332742575453508	-2.6694618007020345	-0.9330975669159526	0.4052637743503869	-0.7976650333000441	0.07300154464209781	-1.053374318557011	-1.2155634170197243	-1.4427504812882952	-0.9966287199191	1.7256539824059964	-0.9471309182911434	-1.4861790338687808	1.5479834906274466	-0.3347840971567414	-0.19555217734837937	-3.33008067189157	2.046920497458722	-2.263450385162198	-2.8824010394147814	0.839412465032223	-2.455815732729535	-2.2075449340976774	-1.4738085323370227	-0.5929424583011276	-1.4740059828913923	-1.8920594217515616	-2.9353012193370778	1.5226973922370555	-1.3225869408537536	-1.8873899303790596	-4.224569395576315	-3.018713099765318	-0.6893036993575238	-3.239999345242977	-2.914163095259975	-2.1243842915406725	-2.5000447924699514	-1.926414633796622	-6.632805559403178	-6.857711972435147	-4.39807409171015	-4.074377606511116	-2.7933280208949434	1.6749170448802986	-5.6917673836427705	-4.899218289379143	-3.4378111785360677	-3.6632032660592055	-4.815277890861035	0.0
-0.213571891753163	-1.4977402630700347	0.1904483507745541	-0.6357180416584015	5.225074306130409	-2.884259040866579	0.0	9.683417677879333	1.7570202553437815	4.76328339247868	-64.37599182128906	4.754583481696377	1.041039597976487	7.3914080851299815	3.181983127748017	-0.3485436587684216	4.538066651415888	-0.7505269311506861	0.16816178582791963	1.326111168662707	1.9390108328366624	-0.3680587349429963	-0.15092564863330535	0.7697256884603488	0.07064109802374552	-1.2958071424853599	0.6860899505791841	-3.4070882188173233	-2.2837244052900356	-4.047896719772231	7.745710627317429	2.078617455838602	0.9953646613002727	0.48803572761553754	1.3639789303227468	-0.16356730231871972	1.2580950737174135	1.9853826043431384	-0.40642851148214604	-2.2410945877546573	0.7020831878941792	0.9061391024269919	0.3139141343277076	0.08856692201288943	-0.6721882434907924	0.3731497995781176	1.3879599694983433	-0.36450100258096224	2.652453556184578	0.4641037719480902	0.8516006285204873	2.6259148381946105	0.8620683714687665	1.940729920536477	-0.5185849515326095	1.1991739166155457	3.0127957281286153	0.6719819574409545	-1.058662205167553	-0.23757165055346968	1.369106811979989	1.2357843381284577	2.9039431937124536	-3.0704367905748438	0.542525618303594	-1.2271053392905742	-3.959282129655539	0.4762665841311093	-0.8995531525538124	0.30849689011572806	-1.8494325705073975	-1.7818806288629845	-0.6090686813025362	-0.6822578129144984	-0.5169841766593948	-0.27745113649986464	1.1783203694487916	-0.0942336100585743	-0.7228472130175899	-0.09806216655219958	-1.5847779892604141	-0.7383168519528445	-1.8470927111055486	-0.9483625984855779	-0.5603405745271381	-2.712316471769988	-1.080855945406629	-1.0910324568098242	-3.2338152073197444	-2.4912805542945864	1.8514756469837033	-1.3023583056552834	-0.6790312820784674	-0.35053224523708354	1.309621583388633	-2.0970573127771788	-2.81984165562839	-1.2387791572397937	-0.635607178865084	-0.32807121586141197	-4.418438672630006	1.5053651462626325	-0.7455606768315663	-1.5278743689132916	-2.8028771379127586	-1.8914679508772951	-1.1906282855286485	-1.1604419991374015	-1.7843647440445833	-0.27335221083808287	-0.43597599371306356	-0.5261799563797047	-4.136751817396054	-5.2508025739444575	-2.8871084724506364	-2.402072940468788	-3.8547859431006186	3.8697231614933565	-5.953940328900461	-3.2467894556819266	-1.8596053126188907	-0.948459422663338	-2.226560899991143	0.0
0.18931646235885477	0.10571822234812905	0.4022569904002928	0.20284925065257334	4.597061174664091	0.4231929225581033	0.0	3.338348001241684	0.18910564663302568	-0.5003386669117829	-0.02864746004343033	1.7067619535746528	0.19655854280135826	5.6765096905792864	3.9688587699671687	-2.338694234647934	0.2329581189388163	-0.05726254592369591	0.1693988400438684	-1.2216352480153243	2.469153803975686	-1.1275911949101896	0.7643970504051202	0.49559512064613476	-1.3808029122618508	-1.907968814556859	3.4034814691102064	-2.742697179283505	-0.3563089230087366	-0.24825430622807257	4.966735670208931	5.592801423484011	0.9309226805908661	1.575953243736257	0.5442350009609166	-0.7831588823651701	1.8862645297519407	2.0788365982310926	-0.9540215927900539	0.30056026852369766	0.1810219610730807	0.6659260386115183	-0.5355820590859564	-0.08992941905488948	0.29350963965464194	0.1642150203274055	1.9889011595208765	0.11395034288603162	0.485115454980598	-0.007324366830289364	-0.41122579465658343	1.1339903533576974	1.1504643009187	0.985687766939599	0.12893403887823976	0.6319885175861418	2.912263352254575	1.0532218654488408	0.5938167230719152	-0.41512459232753157	1.2508123263609738	0.7560709560823786	2.4070998288091574	0.15400234904983495	0.13028936591937387	0.4038873615209013	0.6818614628339679	0.783500135633324	-1.411230989761834	0.12027319268700934	-1.3703387083636749	-0.6227538057466595	-0.5443890775302732	0.7717658764246954	1.9677224443072365	-0.00840740710828859	1.2318129029036278	0.7280217257912381	-0.6905797825227765	1.3687166576093948	-0.6270981606315164	0.46299435818675627	-1.9407775855017086	-3.3898941973651895	-0.7290027737511661	-5.100261519863227	-1.9218845020966242	-1.0037088679996404	-3.990288043426255	-0.7638699769377708	1.3128664736214606	-0.4104180101691404	0.6080041840499224	-0.8314685838346461	3.1219765609052	-1.3618987821275368	-3.8696105546518185	-1.2432858396471638	0.611966726293704	0.836582783652946	-3.9134087252149925	2.4266698032126324	0.030076490790455167	0.2798954593602586	-0.9681405684428996	-0.4330468020230278	-1.4349637489322395	0.2745327831991017	-0.3252427990066594	1.860240209159128	1.4920389990194611	0.2062603517417581	-0.4624490589163937	-1.2252520758129846	-0.2524564097169787	-0.5438814095159372	-1.8253503170644128	4.315220207987497	-2.70071534677926	0.1957245536190881	0.8232855993485161	1.2284780479907118	0.7563664053433707	0.0
0.3328136234070045	1.111604821336839	0.2610016816688076	0.6279129773327573	2.8858923371484937	6.323018129382815	0.0	2.051136016845703	-3.295899339214278	-6.306082978973101	9.634955406188965	-0.6336783453118893	-0.5201591570395976	2.5981425252407355	1.2841111261038307	-2.3233980293419347	-1.5446321458097487	0.5658842798328952	0.23880953250045422	-2.2985030652748213	1.6135863418812337	-0.07449102231298904	0.9566461381019015	1.279810933522043	-1.384584946792316	0.2289297105758898	2.7592202132498778	-1.8811567157031375	-1.0517011445978384	0.713575970257322	1.1890598166659474	4.970375853814656	1.5253320523735248	1.702742844047223	0.495136399677447	0.8359018728743851	1.4135596693231491	1.461212909820935	-1.8311087149712775	0.1576145314647041	1.1745352976692793	1.0451536773015624	-0.7515743875261305	-0.32141911203851176	0.7950222091069844	-0.481129210611636	1.6688492958575993	-0.5338699973764873	1.0204987533933478	1.0313735295339514	-0.5381247328038801	-0.07791330552999935	1.1658983636803513	0.2528976106535125	-0.372178877468663	1.2996068605221809	2.083314405182715	0.7212487534926183	3.138035031802514	0.010160800910261053	-0.054407413548030775	0.8472214004524597	1.7014381971167423	1.1302217296338013	-1.332634625782212	-0.018856473092455417	1.666364799161958	0.13870659543692107	-0.6125348495281856	0.3059926197068183	-0.418214088507198	0.9862152947408722	-0.29681023589762934	1.6570544816348531	2.5165132099673864	-0.5751865218199863	0.5260386057768245	0.767669664151272	0.2616751961103257	1.983832145688703	0.7397587828374669	1.348690178183731	-0.8534992619481667	-3.2778496467707687	-1.2135076551613482	-6.3773513677068685	-0.916396151772506	-0.2632064017382535	-1.6918659767104407	0.8352281549274921	0.13655600535766535	0.2901554940858992	0.5605366471047857	-0.17354670668070296	2.611955787297808	-0.3839750461978838	-3.841715579138738	-0.6002909888346226	0.8317512662441873	0.6072075023034285	-1.7229744401023779	3.9571530249092604	0.7696393838307928	1.9599397233574862	0.07836090164451763	0.5105565758378293	-1.8965771732408376	-0.8281166583299637	0.6247075140476227	1.985574011624707	1.393418210813956	-0.12655384634406522	1.3301575993923667	2.1139554339697804	1.109228657744825	0.26201839903990426	0.5653681133861578	1.8526590417898618	2.020301725577425	2.6654758440810395	2.5505300830853614	1.3044432930333854	1.994813370704651	0.0
0.17481172906352527	1.5392309224123464	-0.15846154888297295	0.15960993921892208	2.1472810418047805	10.70184633561543	0.0	4.011211395263672	-4.534887380277117	-6.5221347192238115	2.217299699783325	-0.5213822978106802	-0.10082108648493886	0.7286213067208611	-2.20093188572883	-0.31505930162012485	0.037723770429178204	0.43020759737184205	0.14239228722726693	-2.0560586268013274	-1.2498323465495005	1.5847636182945242	-0.053531844653224726	1.9964195335603723	-0.35161773351759745	2.5901234713685772	-1.3486054222892832	-1.0154598507248884	-3.35448013610217	-0.6005289726787143	-1.8347062458693981	-0.2398440518823181	2.2744837046008217	1.1338969938298489	1.1408159269795397	3.8259265130529037	0.23878491149662295	0.30339329274695204	-2.7733648372658837	-2.3290696177091306	3.3369912940722246	1.173153150273298	0.11119306003078451	-0.30465951613798925	0.6254102795127533	-0.9781307661247374	0.636469235580604	-1.0350695565520298	3.255312702313126	2.2786319805744375	-0.29880896829373654	-0.7071840577418842	0.9929242372087829	-0.050458006752001135	-1.449294119584139	2.4938768982701003	1.3150838233956497	0.5015261030579574	4.347137547152884	0.575156283608619	-1.3916741295688961	1.8587946539699305	1.2184938041643165	0.9073290625683174	-1.2389270758939732	-1.7114033891120926	-0.19595463371261415	-0.941653129621264	1.2489562318142917	0.7230997659914228	0.4933692735645014	1.8660659058061115	-0.08298106272236726	0.7939609078639144	0.7223851922012511	-1.2879261919804434	-0.17085769356918984	-0.31716127496339	1.2414975027060684	1.2903467686990686	1.1034829020500183	1.4101658616184203	0.44115456457806645	-0.6319760154019534	-1.6690734456483782	-4.620685549261414	0.5388727876887047	-0.20697144026106054	1.409140566774344	1.1953251667320728	-1.1853387141090306	0.6849692568875758	0.06198073385490312	0.9832279581774389	0.9780013089483025	0.020842491532675922	-2.760304981668558	0.33403420648895776	-0.21351069702641734	-0.32503371794036656	0.8754856419012937	4.551787796911302	1.0527394805053334	1.9325129548672604	0.037095615312714	0.6697238152447029	-2.104711578928289	-2.8309202300943435	0.5011505429087014	-0.19101890975331348	-0.7392661875133874	-1.1844677921527853	0.18728272291225986	2.3982465827932296	0.5107642374001443	-0.43487041811148325	0.5670025828619336	-2.266088218279183	4.6483381792764975	2.0250117149359235	1.947332753569853	-0.6377368348275686	0.46287568105118615	0.0
-0.09638464631369258	1.7578791893799515	-0.6131034189691911	-1.0159898931533098	2.5601173853303525	7.8543331282479425	0.0	2.85861873626709	-1.4194192240635555	-0.935615698839056	11.613429069519043	0.575030576891969	0.6485681343910983	0.8938806581116	-4.1370713369363	1.233883201851543	2.1410298368169203	-0.33727482217852467	0.014054768456844613	-1.2229205516684387	-4.125986280324667	2.2618662700963714	-1.6188719563456324	1.1780628927729346	0.37327136747410583	2.4758302179271867	-5.569002087690212	-0.43911944203486375	-4.708589117503149	-1.801056018140581	-2.6812736433446407	-6.135295110813614	2.730311164575996	0.5949536188322297	1.6470233232838145	6.276078379611859	-0.4225201221297539	-0.8100743107295231	-3.072250170757373	-4.220989044755697	4.729695669669881	0.669790588238317	1.6303166026946874	-0.09601861501077213	0.3202552179940016	-0.8757839908428264	-0.46214443334709787	-0.2792482532206036	4.492851258658988	2.3471483958114776	-0.8208708770311716	-0.9594142667335709	0.4369703514423427	-0.08440014364703602	-1.7923776224600103	2.7449116829410194	1.53067922829227	1.307377085559986	3.247861339875004	1.0328873091239807	-1.3391980631824802	3.195327125762294	1.0927918334116882	1.2406842770070947	0.8415463480213992	-2.861887285602279	-1.6792673382116723	-1.5063875519261885	2.828869270189016	0.9082249513199545	1.1191611999796856	1.417152475297599	0.041887091361721626	-1.1506665776218843	-1.2629702412005928	-1.1822137779159712	-0.09348575897565504	-1.720134241569598	1.309527046873289	0.21958984511915206	0.3179662955340509	0.8192418220121999	0.7561084117503867	2.2309106445367584	-1.8088835090060125	-0.26181680841423643	1.4890512220507903	-1.325033221055161	2.5944096322913293	0.27743300527334214	-1.7204974827964545	0.6848068345315391	0.03513862004320712	1.5753774011623016	-0.59381114610103	-0.4269289534306154	-1.4423288516613229	0.9870894931140782	-1.2872753066580687	-0.4107063325165316	2.6021160402299532	3.2150201437032813	0.6604491077398635	0.5023259328507282	-0.5216067714167052	0.3945039454907695	-1.392674501120512	-2.747020073980093	-0.43145688412357763	-2.2011428719730737	-2.737793591013679	-2.04824880110279	-2.032201762200444	0.1980615646783578	-1.0015933045372367	-1.9511580064892768	-1.9260926779974143	-5.197755166269266	3.5714268490534136	-0.870745444679139	-0.48880623756843783	-2.858369106825973	-2.6806167144993585	0.0
-0.20777869486501985	1.9550032774945174	-0.7262868953321676	-1.9054431110620498	2.9978378627528537	-2.4816342081342424	0.0	-1.6177006959915161	3.8276988793578415	4.825339001282279	32.699275970458984	0.3357931837802444	0.34772875821217897	1.974612899341209	-3.990339339970786	0.6755542054503079	1.9158728093120747	-0.9523815489732302	-0.11326755215850426	-0.4950216881654881	-4.377810195736263	1.4845491590461246	-2.439913382904803	-0.8949654562342347	0.07447601055148347	-0.012478141189082857	-6.0040900515185465	-0.30831017204217814	-3.4051764558038013	-1.3143266499594406	-1.316935166478157	-7.5255699061989025	2.54478572407882	0.3508507466696678	1.3804370562709336	6.428799960151213	0.022920424860785715	-1.0755731474365229	-2.2085455142789416	-2.979504001881387	3.506062770501161	0.3198033769925435	2.836639829585558	-0.056748449488028194	0.5427835579918052	-0.08027411997318268	-0.7993143833029257	1.0105180124205255	3.0936065794455136	1.2952517545738509	-2.121286211851222	-1.0753830637088015	-0.4701388655902748	-0.06719603845911311	-0.6995932230575368	1.2350842445343733	2.3458302634852854	2.53339076401245	1.1780131193261374	1.2072442049198102	-0.04025922622792527	3.5258144318330578	0.9594753799082218	2.2248808649531364	2.7710160361267895	-2.5102506356779486	-0.8714080428212417	-1.081581403552475	2.8853543040535476	0.6664212243303262	1.189804032646321	0.2874210115739378	0.18947478781280683	-2.1307286208670653	-0.9504291405753483	-0.17879155570973115	0.6659853529869294	-2.127762088425836	0.5053613904644462	-0.019308120112966846	-0.2652265776277465	0.14329822459989341	0.04611374872426192	2.928699043590271	-1.6017532064367763	3.8897149610185178	2.0809518618495773	-2.387242551892996	1.4300805262400438	-0.7488459523916244	-1.0747945817772524	0.4036129137626054	0.4411364221369044	1.2388528670159589	-1.7883798095139385	-1.0492721593705938	-0.7571638068445375	0.9426928814159427	-0.9988754741889216	0.9264374995809915	2.90921818780411	0.7505087079582634	-0.10977670774971464	-0.49897241509622997	-0.8155360753575726	0.2476344042295861	0.02554236153761546	-0.024693527817726137	-1.1446901090186217	-1.3467172946410157	-2.3607292166480454	-1.7496080334172943	-2.636140178980215	-1.8282893374688545	-2.0470037358254194	-2.900411360164483	-4.456351509718441	-4.831841481694808	0.6587433431435514	-2.8848385755110497	-2.7943697157636405	-3.380201647777788	-4.838527961674013	0.0
-0.00692525030798365	2.0831750708686956	-0.24878034028192084	-1.467408624928106	2.9780448624428284	-12.35806650349072	0.0	-1.5070319175720215	7.11545085741414	6.132595193797145	44.005287170410156	-1.2100581892989386	-0.9029224629164674	2.5069479065145863	-2.2780819846232077	-0.5939007263899927	-0.06511488897854058	-0.823967839154037	-0.476312897837488	-0.2586773060262203	-1.6578900267680485	0.1952971818920954	-1.7418022883775153	-2.0940663337406487	-0.6174420114735077	-2.2129912393703917	-1.972798569334878	-0.32715491018623205	-0.09878756356519762	0.5168517774453869	0.8914741624593735	-2.8843101982404535	1.634712825331724	0.1883856532104472	0.7056145868004328	3.976549889867055	0.8415854484373995	-0.1255379147503687	-0.45415563945555026	0.9797267733525684	-0.06749905664951374	0.9332547819484835	2.945531287886606	-0.42174555999443	1.3068269180489074	1.1792537032842938	-0.06438814519541496	0.9801744034602529	-0.06470210886435952	0.3599161905384509	-3.0382981106736944	-0.9768823268601582	-1.1478909098305832	-0.09549886363231583	1.083263643523396	-1.226986799556762	2.2599101270474917	2.481449701708813	0.12328465556835427	0.7932679094874219	0.8569890714774863	1.9522074932209783	0.3764347329564478	2.5440927986055613	2.6318965772930665	-0.9087085131322965	1.2503459318553054	-0.08439084459575621	1.3832362497700472	0.317218225252392	0.3619154862858154	-0.21249802833915257	0.4326133184083249	-1.0452769415094219	1.6259320721858077	0.729093034594956	1.1582367211630962	-1.088453729494901	-0.23558480093036505	0.6323844526883603	0.46404872798160013	-0.21734828249482083	-0.658406066235214	1.2077488669408087	-1.336844712199474	4.93681167664929	2.52776252885731	-1.8695857078514315	-0.10647427126512689	-0.7229932146072388	0.12651742406334374	0.16134409117192972	0.594972287191593	0.678305385716721	-2.641646713957566	-0.9486310945590958	-0.8384564541210638	0.31982550303018464	0.6670093368460883	2.572754055045025	2.041011033586197	-1.0334946319952116	-0.6459011666858293	0.07408225684368236	-0.4779741677230802	0.5573145290191762	1.006906408781097	2.7248194375634194	-0.6966042901614102	2.152183436245715	0.3577179661951959	0.04665256053424226	-0.8360810401764783	-1.7198362264521736	-2.106906365612522	-2.1964384256800016	-4.735018262293103	-1.5490819629396384	-0.7263983359077463	-1.7097166405186395	-3.16899614048526	-1.5791168107179465	-4.098540739874754	0.0
0.40535648843344413	2.030835630136597	0.5759815915220684	0.25826873521235855	3.134934316290186	-12.42158135346004	0.0	7.900343894958496	6.645579135666291	4.328129541771165	44.18856430053711	-1.720992379954883	-1.3913825549883767	2.145922753006913	0.5018759624143769	0.11724073504916875	-0.7731939326163637	-0.1520580852834078	-1.106545684626326	-0.5814905858357196	1.5448503478875626	-0.3649391840118422	-0.0797495057749498	-0.7817737234831609	-0.6484984694851627	-1.9119801021205556	3.113288691860658	0.1241946535179318	2.7261332281854713	2.2019213345867614	2.196385099887848	3.8242255450709712	0.4431939644767254	0.008081118333490287	0.6015878612072034	0.4400542862881902	0.8798889021090872	1.4068699842268277	1.2106415220639772	4.640958771848951	-3.5223473169418993	2.0054298438894413	1.7934559319406895	-0.9927751287731503	1.9430890371841796	2.4658784762288284	1.0753996549016338	-1.0054231947140089	-2.7130455279700185	0.3336027808852981	-2.5647161282076123	-0.4860086189139457	-0.9577020846262455	-0.16755212911262812	1.993683185240235	-2.7991351492702963	0.47108335844876076	0.5052471239231155	0.4792544359669966	-0.27840801557813516	0.13433996325030045	-0.9113694834182176	-0.51434861337659	1.533392679554685	1.128979977059493	1.2427801890298724	2.5290248573135217	0.6344603155320407	-0.5710400286168237	0.2723479641771707	-1.298138574092976	0.5355761276682834	0.6750718586891664	0.7224815765378672	3.769084613119799	0.4744440149377552	0.5230370420126282	0.4123330548488519	-0.15474456507274334	1.0247410614741068	1.7928035397119089	-0.26544728530339956	-0.5457482488835772	-1.0342551076400606	-1.2950196787714958	2.4460773550705097	2.2612125399730187	0.1401022114536979	0.08780813116138264	0.24875276559591294	0.8292070376547188	0.22448213709654605	0.2530607566121937	0.7429409822267768	-2.7884599852586995	-0.03194594325032085	-0.9887570528505004	-0.296538819173426	2.250506012130584	2.921885426654372	0.6829046230334853	-1.196608008837307	-0.5660690424958811	1.3413691685899445	0.28095088721863154	1.2319236466346282	0.6303468764537856	2.8275871198810636	0.8296367052300223	5.04812678944549	3.0683783235288757	2.630358384313205	1.7356333047854942	0.10255633534516319	-1.5874604033026845	0.01177444060643514	-3.044012999457854	2.1753777578014595	0.9010081356736245	1.8867817213335498	-1.4273897620890788	1.4267698439055836	-0.9014263244611876	0.0
0.7294059257859521	1.614625717809095	0.990788796251032	1.8966958511527627	3.7710667144744954	-1.9796933361462183	0.0	18.203574657440186	4.118227831553668	3.916888750832656	50.58969497680664	0.25875783814117315	0.10226494603557512	1.5900174250263115	3.6535524328801836	3.1457749475466916	1.1599291200360293	0.3322337825580702	-1.470691121314303	-1.316054159733984	2.353272735208705	-0.010505514327811185	1.0593635210614538	2.0203425395161365	0.07059246154566264	0.32889638350910333	4.86798314275565	1.3713280134883887	2.930323175311591	2.486751296122869	1.670467784523964	6.785739474564413	-0.22562068240773497	-0.010212986749854493	1.41476922105726	-1.9217992701074655	-0.028489692762377672	2.2196053322404623	1.8858659158874718	5.182133273086475	-4.4272218104451895	2.1049273681651424	-0.17386053051120542	-1.2747799302392369	1.8601865090487764	3.2561778413094205	1.510836487130846	-3.2697994189839514	-3.439537901860221	0.6486900932760474	-1.0032299323094607	0.17694552517717793	0.019741327886979316	-0.22914877928645405	1.210692358287898	-2.346555380113423	-1.891002144717442	-1.8502222544597184	0.9730702971710878	-1.3934085548874116	-1.5411408874297552	-3.2168804923890204	-0.9563806523708092	0.16599605059555403	0.6194616404475926	3.181756534293527	2.131308679213178	0.6122150232371028	-1.7425966822833876	0.506197777093903	-2.947609474731458	1.764830659118206	0.7447758264279833	0.6604947948127712	3.083145731734851	-0.9248160410045397	-0.9949060875897099	0.94405393469763	0.5309411582526039	0.2067054175883244	1.8800140366268654	-0.1697236176364678	0.06976929305012895	-1.7647019104763924	-1.2604443381635726	-1.192302420422017	0.6885225301166232	1.9555715675381098	2.155697431099617	0.9857509326338768	0.5545889678966759	0.5865960868015863	0.05308293940581246	1.2230798491334494	-1.7053958939529266	0.9332536721485667	-0.3442408388532768	-0.443511877768424	2.2576704681364457	1.5990857075206761	-0.39496672023671847	-0.4306803101694191	-0.015347530984387524	1.5538142835676383	0.9808526605913608	1.8726318782663296	-0.6975791335571557	0.6183380225300789	2.272492135136292	4.350581958660441	3.465405080745357	4.5536348305356045	3.0394196614258355	1.7748247372586343	-1.122956333346665	2.292055917084217	-1.7021840734483111	3.9083353982679547	3.8624373305916646	4.920214747304492	0.9183914109287776	3.8035689683135163	2.312919671567423	0.0
0.7039730445125132	0.5673551985665279	0.31659393364211896	1.9012011523544787	3.871128592719423	9.337500044277736	0.0	14.989956140518188	2.192336688232091	6.156587417783408	68.70246124267578	3.0682315157693147	2.567288186890073	1.44126430084539	5.6953817646818115	5.593918154913798	3.3976355994898806	0.14799771300953377	-0.9516949997341726	-2.2508725463240236	0.26222856742316397	0.235350033435872	0.60947865003432	3.378334311523823	0.5349092559053981	2.0035538936593213	2.0989707127489425	2.9657515323180195	0.6895459454475242	1.2181586797038715	-0.3127568669319153	3.981208304320521	-0.0007498471011675781	0.12863313710871846	2.217962021671651	-1.9414077455776309	-0.8703421793215966	1.5182675376291508	1.531010224421819	2.4578108848108133	-2.709076233080819	0.5975505994713824	-2.1191225527175543	-0.8991495425928824	1.201384734811718	3.1653610004718895	0.8596456600984527	-3.491236776837872	-2.7006744697448695	0.25800211443870424	0.3250337708850353	0.3474219394108606	0.9611279190768639	-0.19094672937266874	-0.4508060724803745	-0.574713533843169	-2.7903400037268344	-2.3710329998470225	0.6137960583026356	-1.6307212265095854	-2.399255097726313	-3.458873788258288	-0.4285046488217924	-0.1900774478314599	2.0710223769541267	3.9429520188750757	1.0550195169466223	0.1323282356915949	-1.6357061618649769	0.6213389125586968	-3.4281878580238567	2.1079433625286663	0.5683589106264597	-1.879351769172407	0.20048995682644466	-2.2464127156072027	-2.0437867138661496	0.15361733888956655	0.9787324868405567	-1.3519892890660747	0.051734072548866854	0.041197560188814625	0.25470837611685354	-0.712060167128039	-0.5665343359155073	-2.916637849933076	-1.4953265941279719	2.1744534220885146	4.387669316792892	0.6837492375075818	-0.2644769331797292	1.0431239778153234	0.7229780874742094	0.9486409291600297	0.3642000909112081	1.2508674256503582	1.3293749685181635	-0.2838143325042348	0.612489164542796	-0.18884777693554414	-0.6448237164666428	-0.0054108389847717445	0.5599011776522003	0.23304450535327917	1.3313441827507881	2.0544432271359394	-1.4990172878617332	-1.116282907128334	2.3904414741161824	0.5029431784324684	1.5394338680160862	4.656255221388374	2.767890089510621	2.1474854257462894	-0.9869755220040679	3.0635544816652933	-2.2848100334914876	3.119017053672399	5.237345087721392	5.088415108381234	1.9758255809605845	4.426697941131091	3.248922337937568	0.0
0.3511977034600382	-1.1066317913286827	-1.2749636303242686	0.09640121323141185	2.2848931322706507	11.27542497430529	0.0	-3.8935978412628174	1.675780799653795	7.575905507237747	81.10589599609375	3.642800214276554	3.677190846577287	1.5009984073207476	5.140254550249443	4.580440069986395	2.657008827797004	-0.4581659336613452	0.3101969388214645	-3.1986996641589536	-2.600443584331568	-0.6082456486555871	-0.9913034404699961	1.589187078930513	-0.05119753757748624	1.4992000681316429	-2.127638011881047	3.96114673819584	-1.5998825111342698	-0.6075439509970171	-2.5492784500569106	-1.0682303335847734	0.4091285035352815	0.0023987238552976163	1.7058523651082549	-0.47304280921479697	-0.6681445675931172	-0.11095265638963926	0.96833926844928	-1.066217947822377	-0.5353895846404072	-1.509173623488649	-3.1316466495541517	0.06477617686182134	0.6243653631975679	2.256834733836127	-0.06269810712990999	-1.2834870580968165	-1.8619931308846724	-0.9024638538520835	0.40395735523374804	-0.43178457240500145	1.171361777860067	-0.03474565866767176	-1.2902718862904368	0.7130850263638422	-1.5060535878451033	-0.678750858091412	-0.008881362264647204	-0.7929499433469652	-1.594604493260673	-1.7973403087022102	0.546216588510179	0.5549701788065086	3.8202534346646972	2.786926141474396	0.6067559649598413	-0.17590453214440432	-0.5387983243851311	0.4129983806184653	-2.2709662610967016	1.0677560679753202	0.2299027711956764	-4.563173157766402	-1.944535728957918	-2.149673980319559	-1.3778516472805113	-0.9138993775606219	0.7117792291906389	-2.1890466370436448	-2.122564937828072	0.44970313887581354	-0.3412286262939531	0.7031167186506759	1.1018764305097812	-1.5480368424241788	-2.4919872727754306	1.1267228956926953	5.023001490002971	-0.12064657324552536	-0.8706007443921324	1.422774133414439	2.0272424090076093	-0.6619712746644442	2.1928003485463248	1.010972049983684	3.400356515911277	-0.37954934908848104	-1.3597631388858182	-0.9322716284835668	-0.062364523522945234	-0.3658926570173967	0.8259521082289657	-1.377184160152711	1.4602268892918424	1.6167319926669375	-0.7245249098255521	-0.41223645735532044	0.9748472051084812	-3.009516181362466	-0.5952238460867515	3.066424417309463	2.3138110597025263	1.751633854198538	-1.0039312975585926	2.0852614463244876	-3.785236880605564	1.1443854927099668	3.789799919127728	2.736114954487703	1.0730210196234848	3.5233247662930713	1.7790354458083	0.0
-0.0033086635226876487	-2.682972851559958	-2.678707992762223	-2.055973600518297	-0.40554015211602473	3.6993605749947682	0.0	-21.75540256500244	1.5503101266092725	5.114201292909425	72.64546966552734	1.1784687622564332	2.4093863701913505	1.2057037623815758	2.250625408580763	0.7791844969951963	-1.0346334292972215	-0.7707767600626717	1.371235050552059	-3.9118789664021243	-3.6774984020469845	-2.1770237487144573	-2.0921363859243676	-1.7533582388000055	-1.1496789901420987	-0.3037240485496381	-3.5814536211667236	3.769799783143659	-1.5435127778962423	-1.4686626302837222	-3.9318978582322597	-3.2617669492205486	-0.2557898922964479	-0.6769685306031494	-0.2419676160831564	0.5503764198292299	0.42609647146309726	-1.172893250786254	1.0862015571290007	-2.6111535249661855	0.09306707023045956	-2.7158451436114484	-2.690262929339127	1.1502841299847713	0.5020748294182376	1.1300083964715024	-0.16418463484210483	1.33978247555298	-1.6258886733699425	-1.7883112956639204	-0.5887664032675195	-1.7355499083974533	0.8156678995242883	0.026936384167719558	-0.39210029333980395	0.4984995055105537	0.5564890552592591	1.3262439589805133	0.26309843827039003	0.20196114135468565	-0.03611734095981725	0.2557356366319809	0.751663296044558	1.2884825812359166	3.6708233246995174	0.2782807575058541	1.0268933811065755	-0.006475835349517044	0.9469466768452107	0.1624633177583073	-0.18412085652754112	-0.40998579536058544	-0.0956859844900464	-4.4467040583696384	-1.4509297691817795	-0.44050289184376046	0.7864197527064758	-1.0558962281697166	0.06670659735360567	-1.4616493992867041	-2.4502071773179113	0.9784601335067394	-1.0632241063174748	1.057952459662399	2.997011459263211	1.5608109182843537	-1.2374183768205504	0.2815297535874627	3.7403581754257114	-0.25515053257346154	-0.9290099029002512	1.6761310602901731	2.8180993570602024	-2.403152738644255	2.650558571855561	0.7556815123651177	4.850703428351434	-0.9242444816710693	-2.267194294301209	-0.2038763150746046	0.7227642667911401	-1.0264505004653564	0.7125833528693715	-1.9780359275747037	1.725308280874943	0.8159109272506577	1.0613490887341046	1.8421250113844871	-1.005254306297364	-3.171928877293428	-0.9493823971959853	1.1940146807151346	2.8726513220088465	1.8433653566986323	-0.7792696769908071	0.8102644038200378	-3.770592858798282	-0.412367898775981	0.9327825758330248	0.17723353067412972	-0.7133665384521127	2.210888823857168	-0.009269301739654371	0.0
0.0010329506664678025	-2.9577175176510697	-2.7790303435209176	-2.8531183430823415	-2.0548120331256947	-3.7591455025332317	0.0	-19.49739646911621	1.0309269773359928	0.7160813456465458	55.32990264892578	-1.7948765016372354	0.24923637710744515	0.46307325638224217	-0.604247688074705	-2.152247157621096	-3.964012450617418	-0.2902233737579488	1.465620721282903	-3.9771178863666674	-2.223690869367641	-2.9370682936496837	-1.3510152642105933	-3.2707195478994775	-1.3886054805126684	-1.261747535710272	-0.9475060975661984	2.7300214079013347	0.950939772420385	-0.3681542504371868	-4.1386888488531115	-1.169712448846313	-2.315199207401637	-1.435885150104444	-2.154047586247645	0.06778347628755807	1.45968063408327	-0.7118326967339152	2.005427769669849	-1.3322881723021847	-0.7015728531007328	-2.729177454419002	-1.0687456510942706	1.8122656150398784	0.5358362805228752	0.5204751468969114	0.5989335168200403	2.1755137268808626	-1.5441287546324345	-1.6126006322033772	-1.6501789595169283	-2.454676850329316	0.6053734077837936	-0.3864234985303001	1.493686419168506	-0.4879928570240736	1.434926010541279	1.6693429099859984	1.3179975375533104	0.25991072065678217	0.844428376876423	1.3907410524240353	-0.39267412838579596	1.2694267560981407	1.6440229153129935	-1.5751667071599513	1.7248379499723874	0.3902175559475583	2.2581919156334767	0.2495865321108899	1.560154172818403	-0.8903509685423031	-0.22542605022265758	-1.3280946675243728	0.5834201113099143	1.69385280076525	2.7178736163594692	-0.2318619448253569	-0.3305242239990655	0.11490881212889918	-0.6020932825026559	1.3140960955638286	-1.048690665730093	0.2841162357111516	3.7439716772747818	4.030975554730291	1.2497965727778648	0.5368859838355672	1.591655438229189	0.5985134676098823	-0.6472890561645158	1.782531735447309	2.2581613399473426	-2.173669511621274	1.9663969622064037	0.6798558348615188	5.0444000054011555	-1.3619930164363139	-1.8177287144197234	1.2492468858267678	0.9125147837405628	-1.567850677194176	0.28995913491556746	-1.7487579798280906	2.2939834968540174	0.21936911147551288	2.1737594002503013	3.2135375373065473	-2.2944058263417464	-0.28627785979836334	0.4854385450367205	0.5274049771519808	4.012413632170252	2.8976597286381964	0.016378721734508873	0.9801177522540092	-1.1501444143697965	-1.0821603864431382	-0.9407725409363155	-0.6121173006849308	-1.5805228871146315	1.524122222381124	0.18096034984503473	0.0
0.41903394168653696	-1.316841150666861	-1.5537326147623516	-1.948247530802407	-1.3151207154101514	-2.8298806020258263	0.0	2.085796535015106	0.6370593400465118	-0.9654735080127058	56.41390609741211	-2.330244302697366	-0.5125773611827753	-0.19759499736476777	-1.063974158403459	-1.7136157227859619	-2.9459792264052247	0.8033094159164629	0.8636330949984767	-3.030005891041623	0.40022140444404836	-1.7896906975163984	0.9197225554647166	-1.376992475814092	-0.16808066513775224	-0.36380191002294837	3.140814217980261	1.7586543324440973	3.556461452380911	2.2344870327799407	-3.703630815029144	2.0479899423692047	-4.354928826631019	-1.384338485349485	-2.3539907231990873	-1.130842899709805	1.8990695094835246	0.7651908423387163	2.9861280102282763	1.395736402796425	-1.3056961447318904	-2.590664657399706	0.7558820138754508	1.772848090465389	0.22612478366621738	0.6558777524694575	1.1136430523721343	1.1310589839163836	-0.8644060186951267	-0.8993913478557473	-1.9992368189912093	-1.856890262651538	0.8469723837421925	-1.4198007183272812	2.7479508183849504	-0.7942592034675181	0.6946058151396838	0.48455315099354596	1.6912955240729977	-0.6593308718562526	0.7253339997484904	1.5603940337896347	-2.0492348669888987	1.0333911909116031	-0.08553729940661424	-1.0807011340511963	2.3302178145072623	0.5836405724830949	2.955443955723295	0.5989574718200356	2.224722269066685	0.09245511039019223	-0.041049600647078306	1.8288851498771426	1.7354916733290469	2.701628970498643	2.7112841763007802	0.5703997090143167	-0.31993407682460895	1.0599633644201927	1.516027641583088	1.2079348713159561	-0.22145708626697932	-0.6278841679459184	2.719911591213366	4.397859721052869	2.762003290138656	1.447040179642764	-0.14533824738809617	1.5097415070533753	-0.33116738204052537	1.6908813466476957	0.7968479265321711	0.6933496723660325	1.5746824519098306	0.4886948678526096	4.171744826641456	-0.9459407390010007	-0.7268336379844973	2.456128436855452	0.3101199615214552	-2.203890927934221	-0.3136426162054998	-1.816159700554152	2.9084404833550597	0.33334127402571445	1.5806825587015954	2.4306402353942396	-2.320339081020512	2.715191245630772	2.0694997513626694	1.277503474884165	4.283467925251363	4.163476019996708	1.398950883774087	2.7122326592604318	2.5954120581926303	-1.471110075375495	-0.7766252531911488	0.3892938221212138	-0.6853274915382447	1.7268862163648198	2.6227202863565515	0.0
0.914221901445906	1.4073342154679054	-0.13095361331007216	-0.4384091373465278	0.6736369469064347	4.207954530205045	0.0	21.194054126739502	1.1431791876546211	1.2337646233881343	83.9425277709961	-0.414252781921437	0.6050568112725159	-0.2494854675605893	0.7732374590855838	0.6578317465125976	0.9224627477328771	1.781803188878079	0.4961166366156249	-1.2715560131188897	2.1665869047460347	0.6276087393323896	2.9494636818610633	2.0359183720811598	1.538196066792669	1.4500625102028204	4.830906139507338	1.4253727808572765	3.727799964922198	4.436890186755745	-3.5274143372774125	2.5653096317207513	-4.409690320579984	-0.33826965581070867	-0.7029015094815262	-1.4124468102950047	2.125640613521682	1.861190351293139	3.098346890985138	3.53114272500495	-0.844648371092402	-3.1651726578888684	1.7942844750405533	1.1687674631250684	-0.43716883315099586	1.0243106203793426	0.4547280844427266	0.004558096270239543	0.4601283234653444	-0.8028974797768152	-1.667263046767541	-0.41634717373000013	1.0777452969574992	-2.603459149993808	2.4850456155272145	-0.04394707678351551	-0.37947588363154366	-0.442166364940496	0.44927816865417886	-1.5815631595233943	0.4597233907066557	1.5014195958288705	-2.811959477912249	1.472824824520288	0.057850252488534225	1.1438653012737632	2.9547523133229907	0.4634257434117748	2.8301419123179383	0.7228415587441052	2.077876762763874	1.5986590921767887	0.40482374654012737	2.0480579664127543	1.331183851962643	1.9752607847342618	0.7945175018433963	0.642300091604939	-0.2891049012673252	0.6916714392918878	1.960011038929224	0.8065149699614869	0.6818860476964681	-0.9369473551845736	0.8439100750044666	2.826518956275883	2.1118953503507503	2.021493835882707	-0.9346979220034712	1.4929634921550752	-0.04219402927873114	1.3917414435815838	-0.32612975337362105	4.298893939802604	2.463435550979456	0.022843877249397338	3.0334701619554902	0.3605777370187389	0.2234289788210125	2.921807155532892	-0.4287365529270849	-3.1916350306390404	-0.8505558663854599	-2.5256653401802702	3.0884552470055118	1.1724507406074116	0.07675999697475207	0.3549995578080416	-1.3733012055528575	3.421152135648575	2.361897799717162	2.238168929470703	2.9803476953110493	4.475966098121667	2.9423934018611906	4.192018743952115	5.020738204297485	-2.1950717244469202	0.47072722674649276	1.6010383259272203	1.0768804659365643	2.2876528591195773	5.201933556156499	0.0
1.0431508119118125	3.4253219157676487	0.3975303692261239	0.538227705522017	1.498751755407516	7.656557713236127	0.0	18.53202998638153	2.2485122370223203	3.2713953965696794	114.41382598876953	1.3415332660882031	1.8366042708512396	0.2982017825855765	2.531546171385852	1.490744701351028	3.622550330937855	1.9496921047395734	0.7666578858807043	0.3299643556276957	1.980118556353061	2.4713485006380966	3.1498674879326907	3.695293751404141	2.19267281758888	2.6790734320365748	2.515887995671343	1.4141469986141182	1.0517334506083071	4.2126829305180795	-4.15934208202362	-0.13579525767908066	-2.163082388229668	0.6935724354091477	1.244341486609289	-0.19786337933954004	2.609388609387679	1.693133707522698	1.9702660896297959	4.062647876997997	-0.1751482218708425	-3.9827841191782034	1.7723253190132051	0.41952398047637085	-0.9476650870669676	0.9003692130849819	-0.8898798153120078	0.19077417349058484	1.7036366972031622	-1.5258518157822785	-1.1920376775557535	0.5965498655975338	0.7457064295058103	-3.0229660997672982	1.295462537284075	0.6425655281543732	-0.53067786578851	-0.07722084375215924	-1.4331296683453463	-1.8061916920287697	0.7230500474934798	1.5346499983811888	-2.3285844646308616	2.4020456645776513	1.120922476053238	2.5760275279171765	3.4820994096639244	0.3022668010177099	2.0883531933227046	0.3399110446675857	1.8559859370233844	2.244490077298495	0.8202828693611948	-0.4808605659300239	0.9983293485073816	0.260537515606473	-1.2241957182584167	0.3484316618513253	-0.590956455390243	-0.3229939666366327	0.8561723360828325	0.5516318458301778	0.9949000674625119	-0.8494882842794003	-0.30913285293023696	0.5048936576208222	0.1487637932727234	1.8513641305945137	-1.0779845460112822	0.7460012859106064	0.27967923196832456	0.9618655560742609	-0.5131214292448024	5.814510115298681	3.7959046475276224	-0.34595042308792473	2.34299604573818	1.730646900887236	0.7805856402907798	2.4933908012544	-0.48859467484602115	-4.066351456465302	-0.9951384044239785	-2.9160278790095	2.5825795055334937	2.1299516181701996	-0.4988212848135542	-1.3549197912961244	-0.09366623057887472	2.050778010427528	1.3916423308152346	2.078842365075476	0.9383412372529298	3.3281219827405857	3.9458235295535995	3.580342036485672	5.227296512227419	-3.1748126596083437	1.1548843562939308	1.5135473714943863	2.0088426208327173	2.400436408820792	5.357840413919517	0.0
0.662629539843159	3.538121455957127	0.15263865020621073	0.9747386851839044	0.22009997386881647	1.8811472377606802	0.0	-1.113083839416504	2.8902759235352278	1.2050082914788147	117.4248046875	1.1627054186803953	1.3820596587844194	1.0593726228446114	2.309696527311418	-0.4785916816936918	3.081137796992032	1.1900774765437325	1.0428321006147598	0.6914601862982467	0.2903089087078537	2.547170888524128	1.617343894931806	2.443834696444824	1.3702133649060952	2.923259756248156	-2.209200469652812	0.9315395020450944	-2.4551691217871197	1.1880638367599912	-5.288111987352371	-3.4341856276592875	0.34038456841936393	0.48213879819563094	1.8465649533713069	1.3048882317977928	2.932134193179081	0.6131384148991302	-0.028080259263515473	3.4016748678138238	-0.49663829914907104	-3.877989786096673	1.1918747979560362	-0.08781354226376312	-0.9182904674182374	0.1408255211420997	-1.4423733264902385	1.1355157233183346	2.1458862003293415	-1.9075171324972795	-0.9382744612095998	0.4374864510304871	0.023613027137589646	-2.048510978430115	0.45622689758587365	0.12306316278874874	0.015809466064886445	0.5895468591514393	-2.110778434695128	-1.738796254132418	1.1206531163398958	1.2096113470814578	-1.7325274351684528	2.579806219177977	0.9425095702461201	1.6260345672490075	3.2127108939192284	0.36115953831581293	1.2663423201737154	-0.24085420705090863	1.8950203511159163	1.4805576663334894	0.8155967456045151	-2.811824425849893	2.0756104948028686	-1.1214013708096071	-1.5646329762376086	0.4669460126088332	-1.0890122589775744	-0.923357922684502	-0.04996526606527029	0.6892659345811064	0.8135494223978154	-0.9600917456765815	-0.19379160934212533	-1.2903179288188988	-1.4368650447979248	1.2849692782217805	-1.167846330141617	0.3245760715007782	0.5380503427833104	0.465104194085409	-0.4203065101572286	4.2883106364571875	3.552551389992738	-0.1966499323316384	2.132468887843044	2.296434277982448	0.9938993646360156	1.082112535693531	0.16711880277050498	-3.9427667197945353	-0.6285245862470643	-2.094341281670987	1.6206583575827294	2.364689930180359	0.7426722022216945	-1.830811337530613	1.0067000111629223	0.5780153621288272	0.2446799666485599	0.7512227125788251	-0.4460700165766936	1.295593137546616	3.9103035609424115	1.2144688487014113	4.470372979810764	-3.8958667376967453	0.6443358542811539	0.05781849192906961	1.396242710599593	1.6621746191706603	2.59556488267013	0.0
0.06661958066465509	2.1460039578241243	0.2546517814190446	1.5854132918674837	-1.6751416820160887	-8.283608104501452	0.0	-14.852595806121826	2.621576393255964	-3.3601572986306816	85.26337432861328	0.26407585224820945	-0.4043748831260018	1.730794123872075	0.7283199400662298	-2.8510003579690695	1.5216237484778046	0.040691731175264485	0.48819642535818275	-0.3076622951361868	-1.3756989054921744	1.4212206370202165	-0.01263893605076587	0.22473365738235337	0.1469457351056666	2.8639398156391347	-6.320184417234527	-0.38111980267344636	-4.1467025689257495	-2.737721421541991	-5.835920031189919	-4.838875946394298	0.62811053897233	-0.9979606942927584	0.9303755247605717	1.3007937818681357	2.0605764334322885	-0.39077549286024726	-2.1605680811115437	2.493581781618809	-1.5246323719302304	-2.5223309859579457	0.6950383724901696	-0.26527317886079665	-0.5316298299175524	-0.6349454793439369	-0.3869981138367143	1.2660067021728507	1.7247472323132265	-0.8312973188688961	-0.7747994301437634	-0.31571393897609107	-0.3425263534814664	0.02865206634021358	0.5762936896597496	-1.1905525972542819	0.06259170805358073	-0.037873897243575795	-1.1163565380608333	-2.1146088527303015	0.838184537692126	0.1378291403738464	-2.2285964860655794	1.2272514105697074	-0.9745946646326309	-0.3139422627282329	1.6885295137473493	0.5363640720015044	0.7287934588527394	-0.5085685268569623	1.8240994985995662	-0.07630723489277416	0.24245337035870848	-2.616958198539161	3.3769304161033933	-1.4172354416822608	-0.26862815199863344	1.0398323836783736	-1.3597466390623767	-0.831615118455487	0.3241548708585255	0.9485784088038216	0.7282228756141012	-1.3594970212169426	0.2050224546586502	-1.7663089231909992	-1.912111415655064	0.8144645384766839	-1.496596704600221	0.6839466849416495	0.49965717312302815	-0.1297560013126491	-0.9366895514961515	1.5000602072681737	0.8040510612626036	0.24458332146168688	1.8064290434818402	1.9838207232605516	0.7996161764682229	-1.0397524435159773	0.7454247857713325	-2.621812334427467	-0.06676867559070214	-0.5965198281666507	0.7276163335632662	1.4829644750516224	2.678538315956082	-1.1826328518986702	1.6133270179660155	0.33845253759262406	-0.20802651119408427	-0.5022935362962576	-0.6637839016250588	-0.3379595609034522	2.962085516359657	-0.4635682713985443	4.377308333812412	-3.9722388764957968	-0.2489703715675407	-1.4334475535116242	0.3056296342192029	0.44466751429264423	-0.8346565987382616	0.0
-0.2954416780762926	0.6362852449583657	1.38967977568403	2.46471538792957	-2.1772275652657163	-13.27410513162613	0.0	-8.494663715362549	2.0504600666463375	-5.03235792175963	33.855262756347656	0.936947412761546	-1.4310117151588202	2.134249427009287	-0.1992964309257299	-2.5580307045917823	2.318773329179123	-0.7670844800092957	-0.816184117582452	-1.5079930066510483	-1.52989694899272	0.5408267753110045	-0.21366636442795453	-0.38918189328126235	-0.22646395457458907	2.901838819592205	-7.58495969186123	-1.9950686721272743	-2.793491586247522	-4.767647169916718	-4.734653982520103	-4.101228134591675	-1.5190096418514396	-2.4265644868162086	-0.3821034694611107	-0.7761872665560489	-0.3478571762861975	-0.7702222365450048	-3.7715017448489863	1.7847148970770117	-1.7256811415283089	-0.862350940177946	0.4373412449922174	-0.32624193838942905	-0.23758822204074043	-0.744424842900098	1.4661432862660642	0.0584146228604137	0.8978086216488348	1.2325438911739355	-0.3047663264455851	-0.43894851286821657	0.005235373286560257	2.107887076349645	1.132562855606654	-1.6507520831702278	-0.9508260294202376	-1.9535276375701682	0.024601898430024877	-2.660728711809888	-0.1786378198707638	-1.2181810377074815	-3.4801319966884865	-0.8888954915917534	-2.69541792958814	-0.33453564409865066	-0.2974484992343836	0.46905469783452336	0.23266822672590162	-0.4331136460637567	1.01942883361433	-1.390008968257209	-0.5977062100279172	-0.46635249421137187	2.4536552448121327	-0.894746357648827	1.0008038621598563	1.294758702174492	-1.2219395014314967	-0.559237227336464	1.1827324133402868	0.8157068971402112	1.0148205946534674	-1.5829002255653593	-0.27737986571578815	-0.897994659771429	-1.8165797933185701	0.6411047651686451	-1.8387864863468428	1.0391769538521767	0.08494167358370266	-0.8213056972273057	-1.8035001734545988	-0.12537723990668237	-2.788934099574049	0.266250372142531	0.8251246443262028	1.3851303975592493	0.1251393939132121	-2.8244638319213897	0.5924292459227275	-1.0257381778005714	0.1598293866229186	0.19400365141575823	0.2932508539215758	-0.06949294730146446	3.259620170818553	0.1617226606607437	1.5626530081290624	0.896885427465371	0.027924544979087126	-0.561598037647155	-0.3214578807152078	-0.44573668396826516	1.7648312965407968	0.5283936060468356	4.978967603339359	-3.2179407025271884	-0.30503735391216147	-1.5166166229702702	0.45531449111005073	-0.3733046151026358	-1.913387429607766	0.0
-0.25400686360728136	-0.08354999742963735	2.8323177745357366	2.649322222441604	-1.045805593437337	-9.482055395841599	0.0	7.597545146942139	1.8027795042532186	-1.6025636877928828	-18.03482437133789	3.0661176661105483	-0.35226852988125756	1.8713716168286885	0.14050445672559556	0.41242516166474447	5.244034114180419	-0.9254068249927743	-1.902186027757125	-1.4819785246142634	0.08070510895787805	0.4417357909783879	0.9642504879756909	0.8678248268034723	0.2343162460316872	2.410956494641366	-5.468273959433039	-2.9658161693317733	0.7576873128333789	-3.5638752120512502	-1.9004646172225474	-2.256573511641237	-3.6868802607623916	-2.5519320421871985	-1.1613604738596874	-3.733079760575591	-3.2253360353061	-0.7745519999576651	-4.45778517342276	1.0099387775452537	-0.41171351941222817	0.0524430260386156	0.10306141318138597	-0.5256336958929582	-0.14279114531809717	-0.26716022164445613	2.5093251244496493	-1.3449618329870558	0.005776272543709771	2.5211047121306236	0.6974141368824901	0.49659293902564855	0.506220180034943	3.080485730919222	1.246219982299013	-0.3394344753958285	-2.3420068089088257	-3.424487107416361	-0.33497904279433627	-2.157982732063072	-1.134458824157381	-1.9495512056249626	-3.856654490205063	-2.2131529435686192	-2.1944400067809675	2.4272761506726965	-1.100335813518324	-0.01714757452714083	-0.8283595871815289	-0.53266136474612	-0.7091117648256792	-1.900298206630179	-1.1818519354898118	1.5312300488831254	-1.0154827019524952	-0.3371543169464215	0.9407454336784324	0.7454400254902824	-0.9089741477370262	-0.4297371191515598	1.0825065049872387	0.13201182163782293	1.2944335980863166	-1.3459882913302297	-1.4015250734942541	0.46040992146340487	-1.7895485398580702	0.7383900479159572	-1.7167825398303695	0.47128255903720856	-0.4853228701074589	-1.380325931272038	-1.7537478987243056	-0.1603826472321443	-4.172505480401656	-0.37273558985907584	-0.6412041404536951	0.906073914290723	-0.7086501895491757	-2.9419217188517717	0.0026528193982064932	-0.2189247630495619	-0.13399394011913204	-0.10606565391239912	0.28949044420191183	-1.3342857139552353	1.622072279914504	1.6626118682324886	1.0138139916744469	1.0472681268308117	0.4354977777568243	0.2892635048349173	-0.1235939041301087	1.024970627241468	0.9209282541647553	3.3474349936097862	4.760119651276401	-1.4194508584072956	0.7798640034161508	-0.028085404871186864	2.2433971951108593	-0.21659269713790627	0.22853242603263685	0.0
-0.07936391334077707	-0.2064239637049682	3.1846359392588997	1.2888300845433365	0.27154532074928284	-2.4228769157614027	0.0	12.112913131713867	1.5499100523690383	2.7636074118059257	-60.81074142456055	3.69362370301019	1.790722130361246	0.3251039267430992	0.13378227269513354	3.011174657931888	6.139107704630723	-0.7745141103453413	-2.0763457391949487	0.06420961486572331	2.00239218145177	0.18316785792115503	2.064333528104302	1.8721408580966068	0.3883327095673002	0.5919047272542489	-0.990346661037593	-2.8317068101368323	4.352371281787251	-0.45718503804118543	1.435324034690857	0.11999767320820048	-3.3692501950444598	-1.5254514922605866	-1.5882597735967054	-5.8028130485967	-4.960027429006004	-0.922639434752257	-4.070808220931536	-0.22828763783091807	1.0239741150130572	0.344141845881561	-0.5646599818828512	-0.8988394764957376	0.07279695255921045	-0.02301767449637856	1.942633065505553	-1.6131442432838774	-1.073467310178678	1.8898046766755945	2.0547021490614314	1.5458614304070435	0.318310237732017	2.6179396120325618	0.682682061549088	1.6098127338569612	-3.1984313496451993	-3.122024599140962	-1.8631298423005158	-0.08339755930047132	-1.441651216303768	-1.8448404432501553	-2.40074465826325	-2.1017223130324507	0.07923826371594299	5.339463314026943	0.017412491224481786	-0.6664890424175481	-2.6271212262600057	-1.1755005642853775	-2.812256603677933	-1.7323088978622894	-1.2611356811982573	2.7308802421486704	-4.0546601088274095	-0.23436548107183805	0.07722256734872594	-0.009252684416547339	-0.7131658994099673	-0.020291514013728494	-0.14285079356940353	-0.6810855112107824	1.0350224152897243	-0.9842156900585799	-1.7084307528354905	0.9529934497637169	-1.7179652734612711	0.9328722050244158	-0.957808059908576	-0.6122952721118927	-0.8948611319387165	-1.4360117826599446	-0.21047642388566365	-0.3913363962046868	-1.936834245294082	-0.9309552693757723	-1.7851725887402752	0.3130775225782023	-1.0543155635137167	-1.1160107801646688	-0.19444164621744317	-0.0717605542759974	-0.4873406181157117	-0.19139826858353212	0.3365828071913586	-1.6565626474193564	-1.0318643492602166	2.4580917704105376	0.6201492497376326	0.3306282628945547	0.6054728268795917	0.6317801551105311	-0.1047231497900834	2.689142387234053	0.43563873394392433	4.8967182508111	2.4945744352068666	1.429270393630633	2.026507083774993	1.6564192795194685	4.047019331621738	0.48908607393212905	3.2520373530153717	0.0
-0.202143680066048	-0.25763155270148724	2.071100989786478	-0.9611861487952146	0.6519720801647674	0.5898610864366803	0.0	-1.2910661697387695	0.43215939883763593	2.4147528898099373	-88.72752380371094	0.4612771309427537	2.5995023906230927	-2.6820820166924317	-1.838749145966042	2.671863480684269	1.692038147747221	-0.9124199558322975	-1.7395517140976153	2.0338138783419573	2.025900189427362	-1.3476880617321483	1.7459600701899702	0.7243063572530795	-0.5373818134439403	-2.2498242914526734	3.5857887494895193	-2.025618305226001	5.795376110947534	1.7015552392022477	3.502840973496437	2.747188330209472	-0.6633546732817636	-0.58672987015799	-2.299560887091533	-6.181181828015193	-4.940669123421685	-1.418770568161879	-2.786877618605892	-1.8375000424882155	0.5066974974340863	1.1465995612729718	-1.3691436460636226	-1.274323505864239	0.615528010208783	-0.6567175560078179	0.33016060633679567	-0.8622947039880923	-2.6063292958143993	0.1273180967388309	3.296157298751219	1.367855100744655	-0.6185955740793636	1.332272173269399	-0.04408662241055734	1.982608950585127	-3.504346805354792	-1.7847487977288192	-2.488467606551507	2.250707540023547	-1.436639830057903	-1.779372640181242	-0.1613729953252036	-1.4253799573553028	1.582573793238873	4.893976564038894	1.7399132651387874	-1.0221924168081047	-4.4475618487675534	-1.9775858304221265	-4.280418787957044	-1.287741319847203	-1.0740967364667344	4.664836526463885	-3.3133798549099573	-0.4701135205750418	-0.013533450105563312	0.09270562043697653	-0.5936616475682924	1.218103847067271	-1.2427299634060438	-1.0647406394570327	0.2502395481896148	-0.9730404593804235	-0.32722951226275077	-0.26579122871996086	-1.272252427802669	0.7958335359326818	-0.06697198006687528	-0.6622743960022927	-1.0252763158091551	-0.8699348301217869	1.5588982283722523	-2.51309151881564	1.8898495933463593	-0.4128330739506055	-1.9343805008820285	-0.7628409769727197	-0.610622857739009	1.183618653132472	0.21286430978297358	0.7826014165408336	-0.1453749605698004	1.4708818091655482	0.01361106427322174	-1.2245332056682714	-2.6817630852084786	1.764528072476387	1.2311214008464895	-0.7207428916441321	0.3822720395701547	-0.5695902852054971	-0.08755424298619578	2.4828698029899496	-0.18152303421811666	2.920324224345386	-1.288208995924093	4.445779880866981	2.0128059730071715	1.7998648994094268	3.6843766673403953	0.4988408607079998	3.624140299058386	0.0
-0.7669781666392961	-0.17398373041137616	0.7659653566412993	-2.172592561678453	0.40266771012164176	-1.120740260396685	0.0	-17.377176880836487	-1.7989304408094742	-2.9314160460028154	-97.35791015625	-5.218758667689957	0.782262292644009	-6.299320268011543	-5.023758994652369	0.057822243725679005	-6.332551258559482	-1.5559049479767575	-1.8122485249186866	3.142372795746282	-0.8185088003891102	-3.867710355008957	0.027626878749010444	-2.135354528824488	-1.9300619934653414	-4.714079692936719	5.4774993186747585	-1.4106946213448301	3.9642216765185756	1.0517078152409307	3.352465360224247	4.325627050256427	1.9266336477841393	-0.5414029159682229	-3.204569296049985	-5.381394477788679	-4.023913360611914	-2.150924326679872	-1.1901900322073036	-3.1931681647143177	-2.2000452536675663	3.2859928626297177	-1.7930696513595545	-1.5320088513950003	1.1793320133832759	-1.836006533994217	-1.3048919451470344	-0.44325893745565464	-4.417839794911761	-0.8719778428480864	3.9713294029410124	-0.30081196904685054	-1.416252356286139	0.29899993701683764	-0.4273485106632415	-0.2168112369813025	-3.8778996319425376	-1.2786487777318274	-0.7109611777260023	2.8039258529475872	-1.7850486023628078	-2.733656844828369	0.8501270626639498	-1.4267947430666377	0.557974160467978	0.5330077782273293	1.779759975545919	-0.8780775745332635	-5.202778732912107	-2.1146520194910376	-4.292459425075936	-0.8417567744638502	-0.9981325251326975	8.546010477280397	1.0781235355026428	-0.6526910750803971	1.2095365804068896	1.2543856870083108	-0.24418304352418466	2.999589998088058	-1.2171261694428384	-0.9314682406242475	-0.4431556252733109	-1.1818505593698747	1.8140639690682292	-2.616322475616063	-0.7992287033217417	-0.17545967883938415	0.05586777485401954	1.1833790110647677	-0.9851547367642673	-0.063980149139264	1.5630007104933723	-6.062804194678248	3.4588546332817116	1.2383643499400931	-1.2202730647410118	-2.083753629693345	0.10985099557620376	1.861193394396714	0.4483323815548046	3.451297696475144	1.2372317340983092	4.781690195922691	-0.8247301668185613	-0.7891204833892554	-2.4363108133098907	-0.1012765883654356	3.159278286736587	-1.5041093099906475	-0.3082929062456774	-2.8690813295543194	-0.5320838636660076	-0.6661863118536392	-1.2585432825610041	-1.6526225052773953	-4.702531965059596	5.812485802272478	0.12553685986333424	-0.08348521354932789	0.6327920134710939	-1.1342955039838305	-0.04004797410619046	0.0
-1.4592666346132077	0.4383674203472979	0.8622538758347371	-1.017890848571604	0.1336945726516399	-1.9793006437165397	0.0	-19.279118537902832	-4.47379937576544	-8.062520111943114	-93.9766616821289	-9.274133296435394	-2.6115724611467157	-9.014021761888682	-6.912376152682425	-2.0696656821542474	-12.514610050295396	-2.287637335332957	-2.4749762350402307	3.2028264935300856	-4.946984423243481	-5.742192653673036	-1.9221344258430066	-4.609454102861234	-2.4470652003997357	-5.623176710708961	3.1364068968428507	-1.4367568198602794	-0.4683954660058691	-1.726968064614468	1.5965776421427726	2.928470345517573	2.3027262240083832	-0.9209838249581925	-3.4190262045927122	-4.307897933501733	-3.4228527835584828	-2.9986790571483257	-0.08334840602344937	-3.655223044577474	-4.888072925038699	6.341067371269067	-1.450384911874612	-1.7726182130063228	1.2654882739316164	-2.5097782876380164	-2.509419555128631	-1.2209257904203639	-5.728894710932908	-0.11653921257042996	3.933062363328815	-2.2859350598993755	-1.2270307488548162	0.36051953993490987	-0.5669859799960948	-3.631855495609343	-4.3948006946448	-2.217240523803744	2.713542774484	1.1271773016567799	-2.415540575167211	-4.530194619943092	-0.03122881384587836	-2.2895729230252497	-2.0327596239906423	-4.686325542978011	-0.7053822453080681	-0.44970716995112714	-4.455603086986964	-1.2690365428211667	-2.8048935084276505	-0.49054763195735795	-1.044143728254615	12.785284979901183	5.2562764260977035	-0.5859166543105488	2.424212001618885	2.4531210624786506	0.47202705900896996	4.2109309769160035	-0.510189389138866	-0.7171087971280429	-0.4621700900730002	-0.8974446936688071	2.9372712062163786	-4.347932358907762	-1.030448580115511	-1.872841560027816	-1.0241367321903423	3.7806093391031026	-0.8941087067524449	0.3807492408924168	-0.5322443578363389	-8.836668011097782	0.8544986813696993	2.925369154717191	-0.4183954029718292	-2.8496653410988166	0.23894773381666642	0.25390125813265874	-0.23885529355928042	7.268279938047732	3.2102513468831857	7.981862429380957	-1.917322489182497	-0.8668953205659404	-1.0963524225212278	-1.5045784847065806	5.6787730676346815	-1.9770531216680438	-1.4155097480710617	-4.798955029109493	-2.2810209194992805	-5.57997685681113	-2.4431496532168238	-5.615725390836596	-6.11461995710987	4.083559789795142	-2.851124152977718	-2.7148894147848655	-3.288133221418269	-3.960289930682871	-5.4930514094552825	0.0
-1.774050590723311	1.2596080473131117	2.4159053265397157	1.7076898739825594	-0.6843933891108696	1.94917213969997	0.0	-9.46161699295044	-6.735044175603737	-8.86700567397578	-100.00991821289062	-9.17840012544386	-5.258585839066654	-9.75411190330809	-6.146530875170291	-2.1148388209606868	-13.205171979884938	-2.4424973779416583	-2.8039346217992716	3.0298713307689735	-7.1871603231175225	-5.5508407486809626	-2.9891324351876727	-5.2753962803293355	-1.5186209015034395	-4.998849756681237	-1.9485744953121025	-1.7608662226285479	-5.150672492183996	-4.22073694008782	-0.19961926960945128	-1.5310204892678634	0.9040303239140265	-0.7847334445117319	-2.4154396797730207	-3.2592894215035626	-3.3427070766410907	-3.855120953415399	0.015745719770590465	-3.1287348004242848	-5.039915153422417	8.943651238537353	-0.42701259442591316	-2.1415013699843413	0.8052904789665793	-2.006790813566609	-3.3379030132950365	-2.469916039279529	-5.669909527110547	1.5585505303308786	3.396516619457139	-3.0755920987871903	-0.24474434729054598	1.5996569004526595	-0.9109356145967137	-5.776057026833296	-4.224858677830938	-3.131662368477381	5.528768150902846	-0.8863284408846157	-2.4710153347971726	-5.787581610357071	-1.298897929232696	-3.090658751996848	-3.720325235049609	-7.257395375170745	-4.009472126951875	-0.10156330050363425	-2.8370084386375365	-0.11293635972852958	-0.6406026641410347	-0.2619134093826595	-0.8400917436314818	13.849281523701384	5.43696713305655	-0.38045782142198914	1.95953478078757	2.51274983853228	1.2515775939690716	3.964381724603215	-0.24854671796464234	-0.8118963575621775	0.14840488332919974	0.3495076299737414	2.422249830624258	-3.998664715579737	-1.8396355718803064	-3.1780455353585157	-2.637211881850262	4.881474810644984	-0.7431231526072843	0.20020591581194866	-2.62004561396436	-9.022107377054944	-3.759151438673755	3.456280785892159	-0.14755365569318565	-2.5083860216778278	-0.46805599887869254	-2.088006788843073	-1.399504493169149	9.909432797723419	4.773146027141825	9.354725527104693	-2.7419519132260106	-1.2912636469577399	0.05135403154861359	-0.9252715034782887	7.331280889387789	-2.2840891998190593	-2.514280181738638	-5.277368135786114	-5.192331076397762	-9.38389863172325	-2.907572622965672	-6.562914832377185	-5.230094460769134	-0.15526705207159885	-5.289173524205883	-4.214197146692172	-5.4974824355590926	-6.218397852807463	-8.74678549172656	0.0
-1.4641577789844216	1.0698675228337593	3.7427547828138032	3.6724382240663873	-3.08617975356731	7.801260352134705	0.0	-5.469233989715576	-8.072005467282402	-6.986197370907356	-127.184326171875	-6.278647959844817	-5.551471602507081	-8.532367437073505	-4.02247778242123	-0.990897838082389	-9.66280225061235	-1.7257524498223842	-1.780645099177491	3.1962999436590405	-5.5297424026724435	-3.3576738947716653	-2.940518633650886	-4.496797732670199	0.07674605729186844	-3.5700031044567146	-5.725150536663002	-1.6771754781888248	-7.460900423017571	-4.56597574248358	-0.9256008396148682	-5.997826334041886	-0.22032681252863823	-0.031455389283438946	-0.844231074680914	-1.8983267988689345	-2.9103454587311717	-4.37523070240454	-0.72110655605793	-2.1725523626531356	-2.3128916702718816	9.737652258758528	0.6851188135470994	-2.4843140606560157	0.22715557485470975	-0.791164775219078	-3.640742036750761	-2.663527795852768	-4.038529633691437	2.5306858129311944	2.741395083719004	-2.161609439534091	0.45167068675087363	3.2001191887091722	-1.5700264798872399	-5.254023527950048	-2.686743575063619	-2.2633141161366503	6.089069381137104	-0.9259087353305666	-1.408683707619331	-5.206307001775357	-0.9873736428803411	-3.012679991224263	-3.2836584751661735	-6.484537806536537	-5.4864413983000375	0.026244998404804976	-1.4063993443292802	0.2899666546827535	1.0896812000790157	-0.13046757213161245	-0.16257303217768518	9.742984888340356	1.6031397827087888	-0.21187241363459	-0.1313040130296532	1.3346840336571557	1.5803879310168765	2.45138793430043	-0.7082400183175125	-1.0648575135129543	0.8035238010897523	2.1770735123568006	1.4235501432452689	-1.6927702672013611	-1.8692037620239979	-2.737433692000129	-3.3951701562283403	3.3744574983119966	-0.49638708990056507	-0.342891404496097	-2.2489674420659105	-6.557374677266431	-6.017644510299218	2.6540412024362015	-0.3292596561368555	-1.3067792730888645	-1.2745650242041073	-2.9132245631758558	-1.6379650302672635	9.167045261178698	4.980953863106487	8.529266938279216	-2.881421813628925	-1.5688116277301325	0.5998868171214348	1.2822456958331168	6.862173500143249	-2.1952799331944135	-2.8905555602521087	-4.42133139202801	-7.43255597935221	-9.72186446644492	-2.11431221537292	-4.7931694098562	-2.882409584784317	-4.2423863264918324	-5.930061449400252	-3.825653716964139	-4.89078992462306	-6.239931268629606	-7.592308142495209	0.0
-0.7449869041972014	-0.9336849270059782	3.2011340146369816	3.186449943948537	-6.533053536364373	9.719151317724027	0.0	-16.14923918247223	-8.023025546636847	-6.599086958786537	-150.87290954589844	-3.622611539155169	-3.575958780228393	-5.979309675478658	-2.692488456702777	-0.2971682601933738	-5.645242115571385	-0.44049893014810304	0.5100274510477902	3.2718955235693743	-1.102591217428014	-0.41655547321631164	-2.1989191250994673	-3.313496861437505	1.1437975815400996	-1.6501249379533178	-4.972317608301011	-0.8941196573326381	-6.564794609061536	-2.985684467465789	-0.7731263430118561	-6.726398299294937	-0.04290084184013364	0.4939281437942322	0.11786066664007089	-0.006322125866861668	-1.3696958791915677	-4.012993657359165	-1.575237116879887	-1.566696356669182	1.3369557208612435	8.055093241666539	1.0349263107321534	-2.3000794340412325	-0.1476707668967748	-0.03487225768692566	-3.00473286625061	-1.170041985508255	-1.5954009740036508	2.009823284242476	2.221848965475434	-0.30480635689482805	0.031000147143680993	3.8357871614692622	-2.153855518616661	-2.7374743599724023	-0.3655649175158363	0.1850283310696037	4.443869782529553	1.2288341206785967	0.16097183207556062	-2.8082278458140335	1.066916199165514	-2.232601696993611	-1.785794419762444	-4.302477706675745	-4.251827408834674	0.0654885769493591	-0.6793783890563204	-0.4428791274862274	1.8447710519555856	0.0005541714167216025	0.65324960658351	2.207369498190803	-2.8421347954916576	-0.09532163590008375	-1.9742342223520992	-0.125418320803319	1.23888831238098	0.6242282129428619	-1.1059922648812919	-0.972365432472761	0.9891964834203165	3.70760680059087	1.3428669982716779	1.0778017570830394	0.06806356995869026	-0.4158490102568811	-2.4277125985945687	0.3732815065383911	-0.23982689701428675	-0.8470884109847248	0.5415350978842693	-2.622782563543425	-3.6317583179774404	1.3009547958150507	-0.4710337991399743	0.0749938137982392	-1.2108326791160142	-1.5332251810577027	-0.1808724215429419	4.817536933490863	3.4681209770867203	6.0852358083866065	-2.3612807035863654	-1.548078654751514	0.9748528919936645	2.9438165674591437	4.051018074424616	-1.350568663629028	-2.150416745483795	-3.07201174381995	-6.816597175973278	-6.693863115750127	-0.3975518603459932	-2.299811901676779	-0.21881509256592496	-5.590860082805157	-4.722278441543932	-2.4431911510358932	-2.547757945351514	-3.936348607763648	-3.4038818638106543	0.0
-0.08795853691723068	-3.7729575843111993	0.9653358840696201	0.7229038677770984	-8.429438858392073	6.397044139248984	0.0	-28.58358359336853	-5.987308548556434	-7.963875332943581	-124.37604522705078	-2.1985877603520545	-0.6166951241903007	-2.5488761643510918	-2.436564944552135	-0.11307592379737151	-2.9294250384761544	0.8349940755463147	2.8605125693575246	2.509214192463292	2.754449784539748	2.035876625784175	-1.170671340867918	-1.9336355976346467	1.3093463921855235	0.9869087968517568	-0.6755151183516891	0.12315046878479029	-4.246006851283352	-1.2371184192511633	-0.7431566722393036	-3.3360109298100955	0.40834838164631615	0.1907916846288804	0.11474775487772897	1.9705485806745642	0.919462382204074	-2.5437578617129475	-1.8901030129856533	-1.691959925507771	3.759454388712716	4.13252027845685	0.003387287084765622	-1.1880460865874205	-0.5507884833251456	-0.44665080073731717	-1.5446682366526734	1.0652713995012972	0.4323425827970208	0.4559379249602278	1.8186400484141203	1.293092387447518	-1.2437501576251422	2.5465922793805205	-2.3481102260676296	-0.00935608683153987	1.2508952118752694	2.069965663480501	1.6273467325988937	3.4953505570575243	1.011376190378855	0.12256519477132981	3.0794982815953507	-1.508683884553718	-0.9435856007843566	-2.4479799062828533	-2.0270876455376494	0.13746739076143427	-0.35465632432676625	-1.6101768112573198	2.0132087907577687	0.17383963773697245	1.0069550447142537	-4.792362277998392	-4.6910539458077105	0.07701384405245876	-1.937406652816096	-0.9717380399460572	0.5555577858756571	-0.8076120323850324	-0.8596279458508042	-0.31825804313229134	0.6996077955946839	4.4007058737922735	2.055655220692808	2.9090396346541767	3.2930723962168003	2.24387039816515	-0.2692787962949882	-2.0149946271032095	-0.12445351289268529	-1.221456750122853	2.95917888088224	1.5171449163318735	1.2121532792303742	0.15774506558664142	-0.3556845983333677	1.2519869226800284	-0.11756424828251796	0.6012285447051359	2.057937374150296	-1.0338908002435505	0.6700929180653691	2.513317043726571	-1.6468097079288342	-1.553638956557627	1.3025493966681616	2.1479097485542296	-0.1296849089192933	-0.005858385767699418	-0.741387550929381	-1.8231479244915625	-3.150150393793633	-2.6338403267628054	1.2092253103014081	-0.49116895149151485	1.7814088167492734	-4.085920047851709	-2.6066927404867277	-1.4303801076797147	-0.4363112542702843	-0.9223182009557238	0.3829177609179169	0.0
0.17377777654890217	-5.182951293365263	-1.2308023654167064	-1.7214122499931943	-6.552352378977106	2.6476870668785915	0.0	-22.73715877532959	-2.044446544100841	-6.736403905882917	-33.622737884521484	-0.29199236538261175	1.858843734767288	1.43558824701278	-1.561243286365785	0.6778931070837271	-0.2714526955255125	1.6966027477837042	4.039920759038068	1.0401740360591147	3.5739489943328975	3.4510255666208214	-0.03794372086733125	0.13570947907488756	1.1534404626919021	4.058129989337349	2.55084893239869	0.5794551014832269	-3.262643562922819	-0.7480644103277613	-1.4179192484617233	0.410358315557713	-0.25689563900232315	-0.4110436277028094	-0.056001656400959124	3.210890247532887	2.792764794034156	-0.4862477213812425	-1.551349733521541	-2.238053087840916	4.400471104356723	-0.8488677676119234	-2.2051336025415456	0.6122012715428117	-1.390741037261031	-1.5889753333546899	-0.2807472993509244	2.4810692667074146	1.2810937102642739	-1.2852346303515902	1.3213984030598438	1.8784011411406691	-2.3108772310202546	-0.399517870946041	-2.4249569752037226	1.6313009005226196	1.3163728630805218	1.613188889004488	-1.4602022793363123	3.784332567413381	0.6081632117946901	2.1920284380818287	3.4043321562823894	-1.1914063140451054	-1.093730718219023	-0.7496242157649249	-1.176026897765503	0.14329471696432414	0.11292785844257609	-2.0975354646757194	2.35488888185874	0.21283846784576024	0.7376344185259724	-8.497611435728336	-3.664139941571251	0.34218031658542036	-0.43319237561655694	-1.1800417075470342	0.12507226426011425	-1.8306565835935327	-0.4301535054018684	0.5287404978139834	0.2868567877966497	4.329266890390606	2.07766520628568	3.5363997822610016	5.469790688307166	3.3743046652187	1.6071113795042038	-2.7814767295718195	-0.1616232419166424	-1.627574174903424	2.3278440926175863	4.86483950672292	3.8973579902608857	-0.6894595141100581	-0.2909005020057487	2.257466483137983	1.1741291749388425	1.553276045204595	3.25358746333197	-5.40180156306251	-2.313261727046854	-1.8175156880035133	-1.2486135375549503	-1.8448075638852244	0.8837136705361661	-0.8529338938463479	-4.040757491279008	0.8893072896800335	0.3255710988042636	-0.6996730184898927	1.0657956806252469	0.04620881158921678	1.7413731430843473	0.6125461527705193	2.4080606058759746	-2.100826191718762	-0.5735034033380173	-1.1149636436726502	0.34577875910515365	0.8860339896826	1.447147444316319	0.0
0.06374264984572774	-3.820879998003297	-2.0440974237917926	-2.615046719244935	-1.819860852145134	3.072965349469866	0.0	3.560122013092041	2.146368324342701	-0.34177787961630984	69.14827728271484	3.454365651448238	2.87618183180457	5.0376840520509365	0.9792020624588589	2.2468561780560448	3.5277721265616715	2.0389276791357442	3.741937285158201	-0.05429118628855105	1.9574257910683535	3.7530854747251228	0.9351844253820075	2.7044204652986745	1.2761650961020896	6.146074138126183	1.1274397247643382	0.12450951623155716	-4.5169107520094745	-1.3877116213242213	-2.3168220513872804	0.5987600487998769	-1.7196009411391886	-0.2565041409924309	0.4539100126415299	3.315237020744997	3.442152923438698	1.2032489914791253	-0.885034857592028	-2.5071631450710803	4.0454851652567205	-5.031795298140766	-4.343716179429017	2.220018967278773	-2.519292297633546	-2.3678426091474565	-0.19334433347744456	2.3441841178388882	1.2410468424742038	-2.7387005328853555	0.5209654913071478	1.365003204727102	-2.315027244490324	-3.457161581575476	-2.896077402161829	2.0654555072588847	0.5447938603095033	-0.6431927591749077	-4.203403087661547	2.1300584487492005	-0.3447575232363632	2.9107226223071536	2.3196257500127815	-0.9634788332341564	-1.190660720945691	1.590363683004398	-2.1264304806299776	-0.0767159276359494	0.8858185229464928	-1.3981472640688068	3.0518729480902187	-0.17699428683345578	0.37051916185737355	-9.053760099780122	-1.734676239509431	0.5714028248987576	0.6333953157149661	-1.290281958412379	0.23578284224625404	-2.6479506261330314	-0.5365964317392996	1.023978639317076	0.0034272967980652257	3.7003051336974284	0.44011834246868436	3.4448122444875957	4.811561644666916	2.612671485483985	2.2049234388238292	-2.67829014980793	-0.16183883135786725	-2.0571187583320754	-0.9958754174642322	6.476589401598723	1.938964485621252	-1.5146873240126297	-0.6856972494009757	3.0154264639148782	1.6762312539060837	0.8432659131669721	2.470036547618045	-6.50660450068804	-4.254082120006096	-5.871877614390735	-1.2948766951160184	-2.1547373172918887	-0.8932255902560428	-3.977141397893429	-6.250175714492798	0.6239683120489403	0.3929030029203302	0.3762275797870153	2.74838037312135	0.7687485199342718	0.9722066590189934	1.236014288937052	1.4284299013508095	-1.8727897182508157	1.0048265256401565	-0.6800973624428452	0.08294933359044404	0.8449671524576843	0.2870558657816478	0.0
-0.14655055977313927	-0.8462802703218425	-1.880261728777778	-2.1315516539595345	2.1292428256983453	6.012060293129513	0.0	29.721946954727173	4.119504566459606	7.116725219734784	105.22119903564453	7.42876879014455	2.2572480963077397	6.660312461601787	3.7376740458728697	3.023791640076831	7.029902176034671	1.8899787616609902	2.501768547575921	-0.004150771101315816	0.6914156249359898	3.100841871295223	1.282864955657576	4.393997241789945	1.5669239719185561	5.742932299734454	-3.444877553979556	-0.7791228879435628	-6.020658587639251	-1.961300135790198	-2.449941640496254	-2.3985257066220425	-2.2312730527341817	0.8960856740620542	1.4333969691384567	2.77922039841011	3.0861982191563584	1.9254124304684608	-0.18490257043287986	-2.0678992269148355	3.438643167893856	-6.82390860705704	-4.784151423961071	2.792280731164705	-3.1846603059467173	-2.1346917603508277	-0.9250382582767535	1.235383794480373	1.362258278474453	-3.6121648150696375	-0.641955662409813	0.11657449872129494	-1.2576143970304632	-4.88173750931064	-3.6406077154432284	1.9347365890443324	0.4282820661001923	-2.366672418491785	-5.841705539304873	0.3342953588088487	-0.6837882888020754	2.7584934756614086	1.4471340564282975	-0.48805288248895573	-0.4967389990635913	3.8809664311120287	-3.0695481407094185	-0.41017055370604827	1.737141014133213	0.013863418850276438	3.424455578967526	-1.0187685870410639	0.5403562677062533	-8.21707183956553	-0.6370679731998179	0.5789547649461149	0.03810731448283812	-1.6121280937279492	0.5621649686466245	-3.117316373710208	-0.9187065888305798	1.038788809308259	-0.20572172341838715	2.4721079574651466	-2.0347232154189525	2.8358891630005614	1.914801216489977	1.303815975823355	1.8615133219351203	-2.960746108263731	0.06161916779853425	-2.1913629249646895	-3.943160035530736	5.819847113922634	-2.533488468775729	-2.311282868962735	-1.5450041074062062	3.0743635464745367	1.1284365016800255	-0.41406276874070946	0.47473896993421605	-4.920483842041794	-4.56932666494619	-8.018146650028834	-1.4988964481969718	-1.9759630675366402	-3.341711891052269	-5.3680932358885185	-6.3361468083128845	-0.4167254275832131	-0.24987429870863356	1.164062016759999	1.1882153021406148	0.6661095177091785	-0.5658755480963736	0.8297425824527939	-0.6017045771681465	-3.0026647845025245	2.1516238226236224	0.5051357399629937	-0.4111510983513676	-0.15038613938158016	-0.9218717515127667	0.0
-0.21241145926771424	1.0541049945551684	-2.1451932264530993	-1.5590164314481345	2.4799024316858738	5.603179048746824	0.0	33.99137020111084	2.900260847475794	8.624498373090193	50.95234298706055	8.415061729758675	0.7168906839797273	5.365253349462914	4.227101265098238	1.5181147355687277	7.616126145832438	1.3207653788784584	0.9965499583449855	0.6242955271292616	1.7782632542261179	2.1167430045901154	0.7604237714571743	3.957390680344719	1.4978981011069443	3.0213922168540512	-5.841400138978605	-1.2557883934233915	-5.054931307692876	-1.6880643412608791	-1.3844101217985154	-4.330942666323125	-0.8619258472459809	2.109439849298685	1.929610331523429	2.6494953326577515	2.533408133732337	1.8329837605681107	0.5282819462448566	-1.1583879789664546	2.7227069708781366	-6.088881464648074	-2.8469778013420224	2.273129096781277	-2.87804475272299	-1.2505122704262084	-0.9395750698522997	0.345027067595058	2.4596120273988498	-3.3949221760147714	-1.998703807592392	-1.1982218712745678	0.18406860760229252	-4.166055381224052	-3.6787831020174604	1.93945429577725	1.6790618529352783	-1.7418426290104951	-5.701498625033042	-0.17567171663945955	0.09177737022262245	2.5702758171345765	1.6735781240223468	0.05262214174883755	0.4125646322751217	4.105693276273087	-2.239911591383228	-0.4320756117392733	2.449725159133474	1.1997142295098744	2.712246871679216	-1.8217448857578242	1.2421297309488832	-7.188390888243811	-0.6494327977536216	0.32401015740441214	-1.5336333649600444	-1.984542896671189	0.4680441331118345	-2.929473338200995	-0.5375750596251558	0.8947491395972238	-0.4945988473063581	0.7120826301420404	-3.5577576859346167	1.4733857932874812	-0.8762931310230022	0.7943018087270585	1.6012408112065266	-3.8536876013278962	0.45687052857409893	-1.773765361504402	-3.9588500460373957	3.624281619337544	-4.92734185617198	-2.726739654724952	-2.473502034373651	2.1404953501204322	0.05649937589221926	-1.0387511164123235	-1.2302049852855736	-2.9323261286858675	-3.761202029514847	-7.487302251880008	-1.515911059107246	-1.2467242446050328	-4.6907464713434734	-4.839570208489895	-5.15513896823957	-1.1086755392430747	-0.7462309622656433	1.324344189976378	-1.3264419542742776	0.8955581060910629	-2.128791629858315	-1.1897369891405105	-2.5119466974973936	-2.9632313366578176	2.6488462563742092	1.8230275134697105	-0.7580059409624169	-0.7949124832770654	-0.7579555234206574	0.0
-0.09057594239600589	0.34685717405860916	-3.397823770778006	-1.7852207042683255	-0.015529986391676234	-0.5129907062011105	0.0	16.469265937805176	0.28593088769250447	2.710397976739653	-30.742572784423828	5.347211364294611	-0.48359490258153526	2.2268779056449963	1.915370868972791	-1.5837730625307704	4.959505284382474	0.5629447486977763	-0.33978522512188647	0.5133822655788174	4.467788612065108	1.8806615587442168	-0.21904810687050735	1.8724010617970819	0.8961591490640722	0.1377833696751172	-2.539530314615479	-0.8073382930190367	-1.3615366451996849	-1.0389021225411583	0.324993811160326	-2.0635489440299097	1.222121010844906	2.341774016829267	1.561147585347327	3.6129140378190923	2.3078406410641037	1.4218379628601605	1.274168839623841	-0.42330612580626065	2.0378576603391743	-4.345037658253442	0.3453994598147904	1.4435587621565107	-2.036702456249917	-0.5938491454404412	0.6727872069104243	0.46145782090486986	4.245381507279751	-1.774269562884817	-3.127315735487997	-1.7280769864954646	1.2462974623644163	-2.4930264329605594	-2.1422598615342827	2.4594511798769236	3.6117325216447087	0.9364826931754294	-4.126313216107733	0.3488037492908012	1.5458633573856257	2.9444423049415756	2.1871464030667283	0.26154282433381115	0.556189901215567	1.3213299442977586	-0.12229636821104455	0.19025202547040618	2.9666947279915665	1.5504200880678314	1.0800364568728853	-1.888865807713021	1.8125315110148135	-6.034142661574852	-1.3676883174136045	0.01461167541323322	-2.464562119130476	-2.1666195176510237	-0.31993901580572126	-2.1924377702424684	0.9093948973419245	0.8335521841837354	-0.8351638954940928	-0.8661064966672357	-3.2296661582711916	-0.41623085089654566	-1.8684166004117444	0.8456395347010005	1.751207448036994	-4.428143683329225	0.7651029160925287	-0.9676283811834698	-1.5399362339351799	1.7986344732014479	-2.7957427527348533	-2.5455837239744143	-3.058844134076629	0.7236839619161555	-0.8412182226554671	-0.9959814212349958	-1.8955409331733963	-2.622808105997987	-2.969850773434845	-5.480613504382073	-1.241337272499142	-0.48670874555276034	-3.798133007907087	-3.419407149553299	-4.221832885927167	-0.8133785722874353	-0.5752473249030049	0.9113876252018739	-1.9821032026743555	1.4352437505908942	-3.3068337131850423	-3.9817055530349412	-3.3634579645166562	-0.222819097858782	1.9869757933473144	2.008470384086567	-1.0886769673602301	-0.596859065888377	0.3032358273863792	0.0
0.10030018021084385	-1.7962572175954632	-4.6395105429097905	-2.5129118817739866	-2.2317782830684743	-7.609745706830706	0.0	-2.4684002697467804	-0.8074186994797654	-4.06256233181419	-52.31601333618164	0.798278328009444	-0.4589280267515278	-0.18917796695821507	-0.998546297723418	-3.881882111620472	1.7650177499289235	0.05555699514941527	-1.1742004079692379	-0.8157978742486901	6.179073250893017	3.010261570473039	-0.8213834083720842	0.12658618040608638	0.15186000051426476	-0.6629937361729773	4.2153625823833325	0.25577027690922416	2.2512274696334695	-1.1293659628541382	1.7036924038529395	2.657554072103923	2.111953618541134	1.6276135425618354	1.071813086711286	5.269997550183022	2.3208347588806646	0.9384752867905342	1.821324015636411	-0.21516793070517423	1.8921266013804154	-3.404841991060454	2.567269528128684	1.1732111059380734	-1.5963630914789577	-0.5954640470727375	2.789037575408564	1.503834127932639	5.398886854285261	0.4915847101718814	-3.473669601288455	-0.905112419927877	1.4866314585164602	-1.6381627888794963	0.5090188005694536	3.4117426748014985	4.946094383612614	3.7968398130180137	-2.7086719767574	0.7821528461961789	2.9021731347930864	3.962412003064301	1.7192745884644918	0.17149264280041174	-0.005322668728210943	-2.7769891626376193	1.0091891958296222	1.2495529278176905	3.155146939388354	1.1480469767697614	-0.3556030101797267	-0.9701713689420345	1.6767948210281138	-4.635030969840671	-2.593996687186143	-0.01088002581370644	-1.9989164017495655	-2.1027629734569433	-1.3434723660108798	-1.469730122712473	2.254090763318042	0.6548772654996431	-1.0256797982350228	-1.2331477103878088	-1.7687715584496884	-1.6460689578692769	-1.476496758321367	0.0954211597415534	1.4957139726917623	-3.773143205821514	0.8007268339747118	-0.16430052951341723	0.6199563962313556	1.8123770229584348	1.7871982728232856	-1.9671934820944443	-3.094860772402069	-0.1399468678167438	-1.191348476279805	-0.9836175589616475	-1.868314642753032	-4.176459802212296	-2.8824118418252533	-4.141555499168482	-0.7385575313763372	-0.11957598362170474	-1.5013636588695503	-2.009921589381993	-4.448267761386674	-0.0005277041081003668	0.0413892789010299	0.4228254532298216	-0.3305521435462512	1.5694163633857743	-4.080054777320474	-5.401544112836321	-3.1910191856887797	3.550276053089362	0.15325519597778717	0.759613207047523	-1.4682963027332265	0.016027341028312585	0.9013560298298087	0.0
0.23748709293248524	-2.7556921111056853	-4.5019634767415955	-2.8024616109783	-2.2816662051457355	-9.184857709067208	0.0	-5.064958095550537	0.588621693275248	-4.285037498278864	8.284765243530273	-1.6469030286594084	0.48466569317970426	-0.11796900790271371	-1.9549484916579754	-3.8434854335634103	0.6919375872485852	0.1711419740841574	-1.1745726664084941	-2.3274611592292787	5.149399774661963	4.618589017086874	-0.5596907849277846	0.25175469151211227	-0.3061433637964314	0.7224033464196112	8.60075508499587	1.1433644118565942	2.814049774341369	-2.3720767402814493	2.2272369186095893	5.186631188834015	1.3970748647398343	0.9505248169434515	1.3388512261909364	6.2576053419415905	2.244326049418305	0.4161210413819746	1.8449353641933866	-0.18252626772372776	2.471087286885605	-3.6755725289492505	2.3954944194023833	1.60355647443499	-1.8046791706250525	-0.8009242976103166	3.1784745700404806	2.727908267521314	4.629202806092949	1.6714232946249927	-2.716539429331863	0.9340538033432076	0.8991922200524618	-2.2805167413409184	2.5465158685439766	4.204533378183842	4.941189333600712	5.137681394852574	-2.9776841460124537	0.6515145328945962	3.6218171701231756	5.118328750421713	0.30823167850231303	0.2788231541485363	-0.17892513248613842	-5.21898289269302	-0.22823573961622357	2.0442226202588496	2.6983729506104317	0.538881194287509	-0.6149080709579426	0.4214853374218157	0.9670142998044915	-3.311121434588498	-3.9766200137516807	0.40953943113067953	-0.7557758352890307	-1.7192612701387666	-1.8064141564909368	-1.1170141235583653	2.1037755207907334	0.029768938983767486	-0.9295946134145928	-0.20012752846579143	-0.5154495379485359	-1.0778638856642158	-1.2229736618054428	-1.9989604767073283	-0.00634738373554359	-1.995497064769268	0.654535724374671	0.49442224818986	0.6745417613213646	3.114324743208368	4.447253479301429	-1.3373319596168585	-2.5044686840237858	0.017780150146984357	-0.9557404807254449	-1.2273662793341764	-1.7089257627881362	-5.857136478872745	-3.083900775147898	-4.24271619276724	-0.031992145704812014	0.13004953478913353	0.07995555081537792	-0.8396625661849976	-5.2726637649406065	0.46322230329092645	0.5992055244002772	0.33739158687575793	1.5720932096555515	1.180680417173179	-4.430732949599624	-4.052906621048848	-2.737901746187099	4.980810071092385	-1.711385209803228	-0.6129520385081626	-1.5545925697922587	0.5599681889523401	0.5046122828764575	0.0
0.30637987081974233	-1.1802591203547577	-2.8183731160023235	-2.110343303815885	-1.199645033383623	-4.787121602467129	0.0	6.558860778808594	2.5566941846369042	1.8503881215021527	90.92548370361328	-0.9609553724669908	1.1294404334599677	1.7577977449048396	-0.5680505631262257	-2.3148331595023715	1.4368501110618352	0.8342629248028869	-0.3056025225741905	-2.5942101590611317	2.047418920612604	4.717843540446468	0.26809670346369613	1.788931061513722	-0.4763228268571326	2.150530282950069	7.2712162355581915	1.3394489025408374	0.5209493981569671	-3.766569579972161	2.1184386379122735	3.4319738943035465	0.44468573802044953	1.052013771449949	2.0969789613901675	5.265245492574317	1.9475829661096213	0.2044742875137751	1.4178745122315983	0.36538297689398963	2.926802193125089	-3.9942319055519784	0.5559770883395901	2.0743068817625696	-1.768423209727854	-0.3618910320554719	1.021807800473298	3.264835720260938	1.8919464209030272	0.5950242091910304	-1.1795769743866433	2.564166188772236	-0.08456194207633376	-3.3690495413314823	2.568382893295046	4.02537418215652	3.727047754753254	4.573596320347087	-4.70799909797771	0.4092257116364953	3.4600201078171446	5.489401892259171	-0.6559094540004072	0.9057498029446533	0.720379175953299	-4.5403526708250865	-2.47343242068056	1.9583616708396863	1.4621706809354664	0.26961993954107494	0.12365249141648009	1.4274058085415633	0.2930513404933208	-2.293830861553225	-4.411254677980665	1.0028793728604364	0.2793911740082462	-0.790678694278941	-1.405208260704051	-0.8428801562390775	0.5816848734576329	-0.9167443186983713	-0.6091825110276067	0.9821674178575496	-0.14775549666956067	0.8301397689452795	-1.6662409065438688	-4.142616440762173	-2.21140984407926	-0.06415377289056778	0.5827403283847082	1.1589326281270875	-0.6550733503194897	3.619976564318733	2.9563437328368676	-0.8044459260709118	-1.328850817736064	0.4860330755266296	-0.28132920537088346	-1.1557635825389974	-1.425707460689368	-5.696377557078069	-2.6429499665813676	-4.3710991797275875	0.8240150340415281	0.8526406819088288	-0.2715088208782531	0.0812033274769783	-5.170971304075471	0.4078318944192046	0.9622370986348038	0.7425754010641518	1.7987007157994317	1.1164560642937924	-4.030377278514206	-0.9521918404599031	-2.4002692899558435	2.804873399894971	-1.9013582235547128	-0.41565880512423586	-0.8757820814387941	1.145103555650438	-0.0914919700473547	0.0
0.3871227059960505	1.6961177406613441	-0.7456371111952426	-0.7313147105615248	-0.8921370049740406	-0.6273714069809232	0.0	16.62673306465149	2.7059492897242308	7.1211343641425	125.508056640625	0.906776315912994	0.6567405618043267	3.2496530934735093	1.5887771032485865	-1.1701961765626827	1.6915022637695074	1.4985975782497676	0.8957340194683638	-1.4434837180017321	-0.8699377992905785	2.19215719313139	0.9715750358469131	2.868556818727291	-0.6021670018290651	1.4623849875907826	2.6278294780740032	1.0435029535942164	-1.2899589592883929	-3.5462673984192037	1.938178945515305	0.3344312780831434	0.4624192005051582	1.6637703275247329	2.10743858687112	2.22057162537092	1.5061190887563498	1.0375243264614888	1.1728378067620926	1.63691088153611	2.029427892377234	-3.219788411659175	-0.7548253427562418	1.8381925472195892	-0.4559399329727436	1.0657134761885656	-1.82178008316432	2.6573620274485577	-1.3125208612636998	-1.8730305823297284	0.18469272691168284	2.858632331122718	-0.7405062038099957	-3.209197407600698	1.0509883046074948	2.554532490633428	1.901366671420295	2.8582098930826616	-5.8457268003155205	0.41210314009538634	2.37381179902066	4.317835704309911	-0.11272557114047566	1.7627060498895837	2.02174735980497	-1.8448268889915198	-2.8338010300824257	1.0222260422361686	-0.08253115914424533	0.5697450403037937	0.7303432473359076	1.5977094847958526	0.0022985888240517247	-1.174737958698918	-2.7717481733314573	1.171070405143765	0.7299202843030699	0.6642507064329871	-0.6955239564506337	-0.19981046648818324	-0.7535405118274046	-1.5674400451508435	-0.21502364321399933	0.6412375930783698	-0.5066310843791474	2.0091635251992215	-1.7798065835837837	-4.42148038094694	-3.274040040070728	1.0957946683093907	0.7166183093074248	1.7828893123376297	-1.3543593382681853	2.0093671461913436	-0.6717328101146121	-0.37666512972209604	0.057610893047580096	0.12960598443723506	0.4854544731996842	-0.2809378451905971	-0.7289593828199529	-3.3432601104889597	-1.3393649406871706	-2.8040092526282665	1.494522041172303	1.971513724295606	-1.544323344936683	0.5935366228222847	-3.269491213444492	0.42661891345340774	1.3727404995350747	1.4363441581461722	0.7979025537590985	2.160076265308564	-2.4545485468395056	1.3612003916253645	-1.646366715087382	-0.3036286532592315	0.24569565775217833	1.6028047944136867	0.6587164708477283	2.1419546216145737	0.18962493262120655	0.0
0.551603908398709	3.381975850616308	0.5233413525173193	0.5743518133596941	-1.2659819810948474	-2.0551328659057617	0.0	14.91238021850586	1.0618045662736728	6.085850878008481	103.31076049804688	1.7501715933889797	-0.413541662460193	3.136130832238556	3.134948292964606	-0.9879904189651989	0.5116219084202337	1.5932074762437936	1.6085354281021864	-0.19421669802869912	-1.9149216743914976	-1.686398796323273	1.18923623570888	2.1646418571236987	-0.7104125361696914	-1.3022092849754328	-0.17828025078331983	0.8890453137366786	0.3828630531520656	-0.6747111260890961	2.0432216904610394	0.4158808112946115	0.9622657094715219	1.9843838473861204	0.705793234576619	-1.3920630898571056	0.9724659170024097	3.201017283991425	1.7711906077133284	2.950960908682292	-0.29084038632547754	-1.6707563022315246	-0.03742016072894259	0.8131597331776146	1.9088725479834274	2.8837911847986475	-2.476484920766394	1.1490614573870386	-2.9257023630414896	-3.2951046487460105	0.46076169156888774	1.885679880171896	-0.5107952876179603	-1.2190414291146576	0.036278095858340915	0.4932059656456113	0.15903499333018606	1.0504434304775985	-4.415664076805115	0.2698107214782062	0.6927900914108011	1.7649530433118343	1.3795389587851776	2.2785503870462263	2.488770853165242	0.763314445503056	-0.013469811934263595	-0.11984088772055751	-1.050947212171976	1.299996381492322	0.3296614227363387	1.2056855254855108	-0.13630705032381316	0.5312449485063553	0.5531557358298747	0.5368247131014815	0.6935791414813931	1.9617799713386823	-0.4822735134468359	0.603821519460227	-0.8208087541382102	-1.4620431729338386	0.15935549039452795	-1.513426798037054	-1.2215149743503637	0.8020125862872489	-0.41548474476062996	-2.3761906122619454	-1.8072221183170707	1.261413759469986	0.9280613766022305	1.8840836480759628	-0.5204822076659034	-0.7428728929696093	-2.4643634171420787	-0.14182722978293896	0.9400527410766232	-1.2619391746764437	0.8290803964360992	0.9991224833742477	0.2800708955303094	-0.2918059954440201	-0.049267864289048384	0.11522949056852842	1.4803757355837472	2.51920894381236	-1.5729313959855409	0.6772615613043308	-0.4358298746419364	0.8799570461898442	1.8778705600929517	2.1835074198360624	0.6307567948853219	3.878306312934827	0.19888836321420966	1.4450953021645545	0.27907475348302097	-0.33476198269770696	3.344287653212194	3.851189922174495	2.538019181649589	3.3714382657236963	1.4466104967253548	0.0
0.7644577363729301	2.546426864535726	0.8026694529396775	1.1932835179296406	-0.37891263340381864	-7.106787051473345	0.0	5.676338195800781	-0.13845393516951138	1.217044774828286	65.14037322998047	1.2794726148720508	-0.8390776509069837	2.229344254114589	3.8971698782430386	-0.7713842052203345	-0.5163626096620367	0.9997373628686508	1.3905174603314663	-0.19759106172455682	-1.249841958284378	-4.1745340190335085	1.08611884429866	0.07213682889928948	-0.5860866849278582	-4.017232874193555	1.074924429161129	1.2569683499373836	5.020294114842676	4.0460365098038755	2.429388202905655	4.435431234066999	0.6427086274929796	1.6424837500609932	-1.166175455670372	-3.540430643035276	0.3340132560406346	5.6846907386434795	3.17143776331666	3.2616018302568044	-2.500067680564701	-0.6240267255545958	2.0247830447759205	-0.3664162201828516	3.7598186790515533	3.972993794226586	-0.026418636635861407	-0.47316047324547694	-1.8870931635893549	-1.9420791746783026	-0.4042296977550314	0.8592455659120802	0.4362333695306285	1.3834033397254566	1.0303979432868837	-0.8630556625686586	-0.8133483467893463	-0.10910035053459909	-0.5170866089379963	-0.4979217118964899	-0.7618613237050735	-0.9230881588343282	2.2810190672847046	2.2104336822613604	1.8216018091900636	2.2260640672175214	4.025716782677822	-0.8028999562968796	-0.9162195113761971	2.085547284985224	-0.8496666424278472	0.8298603448619322	-0.48522594145959463	2.3960347120914984	3.475880467820735	-0.5164437827349889	0.17303852625444632	2.1494055078207057	-0.8267192816033083	0.7722273605757008	-0.3061432902628154	-0.858725017767923	0.44763447123545186	-3.835447551399933	-1.9554125316314062	-2.0469030130689387	2.0340518562806595	0.44448178573088215	1.4834119427191503	0.8840750109553337	0.9842787720585076	1.1202666167533253	0.9462625840991659	-2.4514057180654687	-0.6365899067966878	-0.15321877073147333	0.8337963931931609	-2.631382157521633	0.4496050279087095	1.7562961620820123	1.0474264495271883	1.7041279907737459	0.3042094528454173	2.127760074528807	0.7411249151517605	1.7203660777730632	0.5466378722872053	0.7094754381850362	1.474713792112367	1.2238230215853425	2.021900976216921	2.6899550667999743	2.2164544915402686	4.783042549761801	2.9541330539435147	0.32481578114132087	3.122502845863617	3.5499381554313003	4.879943413797904	4.3719586903991345	3.859285302954134	3.9318793548283155	2.6861666282372814	0.0
0.8747535642425838	0.06696640233344892	0.62557876670173	0.9861535842852159	2.587490402320598	-9.090481360043798	0.0	-1.244899034500122	0.5113037793586651	-0.9668065227311233	34.35906982421875	0.3821711093101803	-0.1950335518689826	1.8518519674449465	3.8327707736114713	0.14572199301637082	0.1649284161745556	0.08051006462086331	0.47459403157699853	-1.367331148021751	-0.33097208994845656	-3.7432368678784873	0.902333127372038	-1.9379518030192515	-0.2082591869840238	-4.670217930924597	3.712817879738631	1.893281355861675	9.122953926411908	8.239295223658836	2.922596935212612	8.373569734264873	-0.5511268767895121	0.9352670149268345	-1.84054734216303	-3.2761798996554172	-0.3323748682596488	6.590585181975494	4.543294760183845	2.1721174252567854	-2.986952834436272	-0.5211553435394729	3.307311090012196	-0.976709791844247	3.690456524926169	3.596716560649149	3.4061153036052896	-1.445373898697278	0.9748194406166303	1.3767456947434171	-1.4714780747073524	0.8447855779575923	1.177297429218158	2.6533794223472773	3.26270123906998	-0.8198287531919778	-0.6137162320823832	-0.41487002998174316	3.6696877547484985	-1.5217891883780092	-1.1602639827345098	-2.3004444138907894	1.759577524730529	1.7343531971374382	0.9686102414597496	2.79150284845673	5.821051095047763	-0.8920625072731663	-0.04124786917383623	2.5166905405028572	-1.8665672706792484	0.7122067085273157	-0.9815799608751106	3.2319573012240435	4.118946951060068	-0.972808721410756	-0.8109582241396515	1.0504550280905787	-0.8622569082414403	-0.02066072215358493	-0.5967666918375328	-0.46835359947925265	0.5205663526972766	-4.28725853317747	-2.105409904691359	-3.8477402626075476	3.7966987187270638	2.001628653569655	4.163309356355566	0.6471996396780014	0.7839811947787186	0.040245106000816676	1.7919818450172145	-2.1798518446430695	2.7082222236805604	-0.11523864208720624	0.14597771061741024	-2.7908727697031948	-0.28394598183708625	1.5395332121745098	1.1743596906445999	2.32470224957381	0.021122446710449667	1.7327274084451119	0.08500427147052411	0.17354328668935382	3.300610836630776	1.0319038078933955	1.572258678335568	0.6507073854144786	1.326368694544159	2.483614321798086	4.0146882163712405	3.7429834351259266	4.423406789059518	0.05980112942246099	5.403145978140623	7.624554291634032	3.4377652119362243	2.634165687701721	3.822507314063488	3.025025050083248	2.8617536049336194	0.0
0.7276133515001733	-2.0475231851670235	0.3390022405485095	0.2910986098918048	5.5676482389581965	-4.9685936740466525	0.0	-2.9115304946899414	1.6162809032118983	1.5994126067079346	-7.847001552581787	-0.7408871801393059	0.5436960785300471	1.8430358919553285	2.18627253856491	0.8628684970359486	1.4434376148477432	-0.7008378991264511	-0.6044993479918048	-2.356545772265505	-0.4174085389012876	-1.6590034236648568	0.5569354243690275	-2.7837399765143567	0.03267730547693269	-3.2595464663216758	3.7706300783212536	2.2054775891129186	9.77328052300583	9.563007389616084	3.3640825410485267	7.863958067107427	-1.0407367783288162	0.2293214165466897	-0.8046381139853978	-1.5619132946249585	-0.8492152069029544	4.781579778350019	4.999929841587113	0.4349022513923754	-1.9022386980235066	-0.2503337413072586	2.429327595648654	-0.8265172906557907	1.9514995180940118	2.0121544586927302	4.678996801376343	-1.5691322372368877	3.452788417118221	3.921596588262261	-1.6457357275032858	1.586779660526811	0.829350072278769	1.727909125239644	4.295403408996686	-0.026626741122454403	0.3470208276571198	-0.19199423172644206	5.8270472388933685	-1.8307544157509035	-0.5049893714028413	-2.013683610754769	0.39829423175803547	1.036834817838703	0.9218090613968939	2.8087574624223635	3.9018767155668277	-0.7643893975530234	0.6619251392537144	2.327806174270973	-2.1325256485819213	0.5999734779454712	-1.2229990516115798	2.4825968019014923	2.7666287423362808	-0.10259141343977708	-1.6591867271962824	-0.29122546998689236	0.18458037235719316	-0.9145641321294786	-1.7256958932414943	-0.6249588838170382	0.28996641385965244	-2.5344222883769976	-0.9426905301251364	-2.6581347375829645	3.4810591760299188	1.579956202225929	4.236346119036109	0.9930080460840837	0.40438931420316615	-0.16830692364459449	1.8796176547413206	-1.1855395286533552	3.9339960316399565	0.48280988943879494	-0.015782159761847738	-1.7426133997458624	-0.4847644837225662	0.7403744146184519	0.788452953327762	2.680691951742539	0.43490780131750795	0.15122113115905564	0.5415429844745788	-0.48826877269544094	4.1884029341329425	1.3837541215121747	0.9372679972700004	-0.7156210779753112	0.029521113421808007	1.2349534220993519	3.8285711466992547	1.1883658223548683	3.869859366118908	1.279541566123565	5.670973202386914	7.233986707306825	0.09445417637902277	-0.11975934999204721	2.3038622828177835	0.9314188741558751	1.9249345672982079	0.0
0.32614579842790126	-2.4495515983935228	-0.09513167592768486	-0.24817738148299132	5.700275379292508	0.9334203089986529	0.0	-3.8243250846862793	0.7449553122537004	4.359526391687064	-71.73274993896484	-2.5454392412753433	0.20673860674723982	0.8096454511938054	-1.2052589791831632	0.2390773265499128	0.6984408141049758	-1.1031558197301037	-1.5141814897215227	-2.1095428574933774	-1.624554780298385	-0.6314782539096774	-0.13774347861780864	-2.476656508998889	-0.270020819545306	-1.5284267348156602	0.6527166772771764	1.9064032224468366	7.315486256870326	7.523262377379945	3.621641988798976	2.948861817015877	0.42857411808588286	-0.5174427045945157	0.6280006704524224	-0.4363183758950611	-1.1626679753753706	1.1742415883143067	4.371379687512914	-0.6047341739785509	-1.0219806767681725	1.4207507566805335	0.0895827521703073	-0.29940802193215343	0.2551412705969834	0.27401581060522323	2.6116560136867784	-1.2384561452245901	3.5215569837282783	3.524432408697381	-0.704012060614183	1.7936256607137029	-0.4923176879296494	-0.35344126921714536	2.5297195084882205	0.14452315332368015	0.8068333147093654	-0.07634748903217654	5.386442144565723	-1.0925454438332742	0.17417784180252158	-1.183243406891096	-0.7223367442687353	0.13996352293371173	1.5703208233705528	2.0922278771176934	0.3849149698034469	-0.8177093838497197	0.5920034343132166	1.4984268630897863	-1.8937574163381312	0.17985283688783055	-1.0537984450079203	1.0976744743850115	1.458485272195604	1.6388203288511474	-1.3927348262066541	-0.5388502983250103	1.847220987940536	-0.6076726232723667	-2.101249740221629	-0.8863985437653528	-0.04869065019819471	-0.25761541910288344	1.4476949550655924	0.6577879207504687	1.385434416879853	0.03550535152581605	1.948795259503995	1.8105216882228852	-0.041608830065780485	1.0187771033251476	1.9370285399566172	-1.3084296263935686	1.6673736827714103	1.6881060705985873	1.0268094405688555	-0.6439419651315326	0.4075968556328496	-0.017173066388729008	0.20821423730926542	3.723542243180858	2.2702519473321034	0.050308205826199	2.1299497225827633	0.6504714246970457	2.309175235529741	1.1909039196092635	1.4265968052991504	-1.663940929229508	-0.8962377357667172	-0.5893473437754437	1.5809208440197098	-1.1414684810249482	1.9146899754740299	2.62478439959387	3.9417161756644545	1.7959134324697348	-2.5087679696993694	-2.1034300310685383	0.15940731460688568	-0.989950876961184	0.8581306456189071	0.0
-0.10688194240792198	-1.2254680708927266	-0.5109593527248273	-0.025280550569295884	2.8933498964030693	2.4963809081486295	0.0	-6.858642444014549	-2.178967155930069	2.7581039204679687	-112.09822845458984	-4.409936190594216	-0.9952582873404026	-1.6764475239960606	-4.207781995058744	-1.0264179001012481	-2.5198265084277387	-1.0950916451369446	-2.1309778235008707	-0.9879509784005306	-3.099737949507392	-1.9580028294413179	-0.9891351580746225	-1.6860580498521978	-1.0044470963293108	-1.0603892258815353	-2.5074342352924526	1.3301955146975475	4.481519889170199	3.9647971555038737	3.5503097107410433	-2.1198361104448575	2.9560045831921427	-1.4784288674969464	0.7242156061315869	-1.1698964974628046	-1.451143402227899	-1.8345748078098278	3.1809853070312077	-0.13231302350439586	-1.6449447095286673	3.9837632434361656	-1.7521413852061545	0.09798332027116405	0.05725539394505757	-0.6058966665872081	-1.0903065965779253	-0.9649981358458125	0.8131721846095705	0.4913058410067912	0.5419418972355929	0.5986753210188851	-1.6329996666884292	-1.5904582941176875	-0.9822120350042377	-0.9912563781253994	-0.3271092912684914	-0.5202510147247204	3.642030832522056	-0.1898189865102704	-0.22460759617388248	-1.3170616869224099	-1.2149464054375716	-0.7587957098482332	1.9888388184334735	0.6628154545906	-1.0927703481534294	-1.068729979798818	-0.08338407174251372	0.26871874786519534	-1.6950579325895052	-0.45762288248716454	-0.8243388805235771	0.5824955335792599	1.6318494590028885	2.792278256156657	0.20625646692402913	0.5221924850878984	2.6213405935712815	1.1109247080780364	-0.5416143928385139	-0.5733662745184149	-0.030967951845870447	0.7102306039373351	3.6313242470337586	3.3351845745798028	-1.000848247743339	-1.4009919558059085	-0.6061655255192417	2.4623507059961556	-0.49816831248015253	2.5976335251880966	2.275350018065105	-2.807474227367686	-1.9187650960564864	2.7172472749142798	2.658533926765983	-0.4754376480656065	1.9480800218046157	-0.5231728364475244	-0.48818080584138945	4.9820288476626295	4.472209291095843	2.4078644530460744	3.489198247963113	2.6086843216817983	-0.6046769117138215	0.5106577933579683	3.5201643178239466	-1.1517887582640511	-0.6575640729999029	-1.6643728417201111	-0.36573338771720865	-1.6935066058347792	0.10299438222078607	2.635034752537807	1.6827842740445746	-4.294779567328783	-2.5873556523273926	-2.428334466774355	-1.1956753464649443	-1.4227780202137572	0.6946670060179063	0.0
-0.27336435569503736	0.6555279659381246	-0.3138147434805865	1.0539248366518454	0.2838400424794948	-0.44467710171427044	0.0	-8.812726259231567	-4.23858342702604	-1.3553887297367226	-69.05630493164062	-4.311449680849909	-1.5548731280257926	-3.9676068062395897	-3.5603882484988967	-0.7434333300734141	-5.264110645939591	-0.7043876968506542	-2.20663785666693	-0.25347844158057814	-3.8048721029274706	-4.2656071500103705	-1.4196231132424313	-1.006756444188832	-1.5731402728706598	-1.8072274013194645	-2.8009400684179533	1.0995114114373288	3.301991961399365	1.6017411128238395	3.030788296341896	-3.5188779486696933	4.223651081097849	-2.425219461500169	-0.73776103693856	-3.0866502901682487	-1.851651659773779	-2.4426180035301037	1.933383111210747	1.4778230211391818	-2.9967207853427618	5.348073862297325	-1.8096324800343937	0.14815517095259473	1.1681680363903713	-0.43360716838276747	-3.6157099253545373	-0.9442064651095915	-3.047748098519408	-2.8426691408173363	1.1036832417682771	-1.4251982832534447	-1.5016189097906605	-0.8497073499652378	-3.3998424973188324	-2.7325763717386873	-2.6530883079818026	-1.3369140002963156	2.3307022470159127	-0.24760267366936442	-1.6320809411148787	-2.7472537080444988	-1.4106547235157982	-1.0820712795411704	1.6417286761855479	-0.5184150964487344	0.9281720371984448	-1.228083625141168	-0.760362003595954	-0.9124472783888703	-1.614055267761688	-0.8657447312873032	-0.9341902535720908	1.247295042995466	2.64744828357583	2.2218795960197353	1.956668452011282	1.712575151158844	1.5692965615321608	2.869952188193453	1.941072619538389	0.38118309287492896	0.6111327523276919	0.31418075369025944	3.903115744702518	3.6078257496668913	-2.4979380639336948	-2.169966497543183	-1.6049719226814934	2.286497363179922	-0.8737818693811938	2.902106737524907	2.3576783627170577	-4.154591070842493	-3.491851635324229	2.626037586338498	3.5214407598234225	-0.9750749501416753	3.028091554933075	-0.8567664577993889	-1.2888136154838972	5.111056880298797	5.093022235169645	5.216769631358161	3.140369332337688	3.442431753352634	-1.8254269430325145	0.2825388183258474	5.6448009667211565	0.4444941904978447	0.44270070708827464	-0.901202743084958	0.11421722736391988	-0.45333703205115716	-0.395991437388584	1.6518632389605046	0.31505016090218413	-6.046102350743917	-0.7646028140421819	-1.5216814854154082	-0.9257065707700787	-0.29914027544845184	1.4541098481310266	0.0
-0.06490836844918922	2.238860818598529	0.7819575390198847	2.324794792478735	0.6713333446928795	-2.07729024546487	0.0	-6.3153622057288885	-2.751139371552401	-2.119477890945714	40.87369155883789	-1.2438450399463121	-0.47470972505398096	-4.0723713520741045	1.3057496110497393	1.9131538389946323	-4.458717522442972	-0.03796055582124037	-1.3878099204448517	-0.5892924677097687	-3.1686946327487626	-5.0842840482318215	-1.0666231453838182	-0.6758633096787062	-1.4827839927442756	-2.386259916918237	-0.8753234486337061	1.4859380169253582	3.308917407930065	1.680712158591659	2.0391381509304045	-1.598095905955268	3.03135012448977	-2.7830787788224507	-2.191578530595546	-4.171729257490435	-2.1100394465902355	-1.006126442812788	0.6329245598779785	3.033283609612525	-3.1049677641409583	4.0551980380238835	-0.42208929996698946	-0.05395920357749432	2.128443097398555	0.12516257612298082	-3.438370124326419	-1.0805780117119115	-5.497422591198673	-4.199595563635927	0.7359975360290348	-2.806048199534416	-0.2254247831034602	1.124014632110268	-2.797806390128428	-3.711662249416113	-4.205558571117845	-1.8069417813662874	2.2462796566679195	-1.256119097739258	-2.686816297393261	-4.198057883487242	-1.4930861871903656	-0.39821891513330204	0.9182568068126981	-0.26525154925184324	4.194550723300696	-1.0785190786435621	-0.9989595473226573	-1.5284280754576565	-1.2092082047130208	-0.7134137930736759	-1.248914949645734	1.8469913239599367	2.8899839253770927	0.31340127217002434	2.3121963927940445	1.707002126042518	-0.3968605489108492	3.016240853996063	3.0153776632037523	1.2921582673760978	1.4629117384572665	0.06593142884714594	2.1494992749860766	2.3523857933207997	-2.9742329596481523	-2.313500664247708	-1.0841773960549952	1.275182224228978	-0.9387018798933678	1.4591508320555455	1.6901980502391354	-3.8169892262832255	-1.9437812278751565	1.415101102272456	2.992294298920119	-1.0320640957228593	2.9486953261405673	-0.8887722320681395	-1.7953674174676477	3.558183853659052	3.405510293826903	5.5768919370456596	1.1865013067578447	2.3596362993003637	-0.28029787806527956	1.264172877073288	5.7798437253925306	1.610631612557653	1.155628384361344	1.1968723225671476	2.340193167446064	1.0604022732225515	0.2526504986733198	1.3830946402748425	-0.11125728861580408	-2.9090498409019068	0.7317381691601541	-0.4954972058344124	0.2969254545437602	1.092240300731032	2.0033146584805634	0.0
0.3034051532267889	2.984947140580591	2.020821744641224	2.765223952233791	3.140915367831575	1.567352784531457	0.0	-2.4046013951301575	1.4013562223149671	2.2609346786449693	109.4037094116211	2.5777664127075397	1.3718517265981063	-2.166304724031063	6.328702418842745	4.657280992694109	-0.754126023284342	0.5866383817958665	0.23444715994992293	-1.350415938044036	-1.3415795140292333	-3.354402177006243	-0.2640015119953323	-0.6543844077886656	-0.7875781411240841	-1.592883630410621	0.1691911213375904	2.096791721880436	2.689745640821671	2.912156552573045	0.6684614724814891	0.14031275429488807	0.5655823696235364	-2.2631651753797493	-1.9558806410578955	-2.9194576449995666	-1.712479901293591	0.45945595966085145	-0.8927718880275886	3.518030859103412	-1.1595746217948248	0.9907451465293982	1.2542473327350148	-0.332046855744053	1.8165407613543105	0.2640669812081438	-1.0750483772007084	-1.2682161465996789	-4.788752044347466	-2.975396267695474	-0.046699384521496926	-2.6295487366853254	0.9481784616665061	2.471713952683159	0.08090435215883483	-3.181425494924188	-3.1426400877535343	-1.378233360299884	2.9815331660211086	-2.036288827357676	-2.0413082011711863	-3.9920198136668015	-1.1414953264509509	0.845917979223296	0.45295512451113557	1.3421652223914862	5.003436014152716	-0.6927270315295441	-0.7186185124370204	-1.2622491368441329	-0.16389524136242029	-0.1216757885427688	-1.1933019797236608	1.1444438656262301	1.869616869659651	-1.3245691193894733	1.0959008088474775	0.39266104411168057	-1.2119685911431033	1.3375248554105148	1.6627728168250007	1.4701510572128675	1.590630651900062	0.9823428315005414	0.1993777379816906	1.6822299283937874	-2.771461576845651	-1.8829185550863092	-0.45013444895966576	0.20828825724124908	-0.47068998760675274	-0.3448614738768012	0.6423390943301933	-1.8091271155044042	0.7489137884949436	0.16304301960626616	1.8321142886704374	-0.011211968385256253	2.0167178685095775	-0.31135808345103677	-1.3921159321753769	1.3257603173727517	0.8001880110514468	2.7564021484287466	-0.5923747725519833	0.5547138577974249	2.47857352307155	2.861486424505711	3.535847079959409	1.262841536323606	0.4802614909030938	2.5798803098822156	3.4663531737389057	1.153997521285536	0.8877159213321284	2.708307146802545	-0.6098563893763131	0.965565545306756	0.33708221975851943	-0.2477080279495567	0.7433760569012358	1.2500319526010713	1.082888236641884	0.0
0.46459190232306635	2.7372492681969613	2.1430224730418277	1.8906647150624882	4.143054935209294	6.955855335508074	0.0	-3.2728421688079834	4.445301685068342	6.517057626411833	45.829627990722656	3.3287215042137066	2.1151664707809688	-0.5157586292818536	6.154161558538524	4.232869414679976	2.0421222151902616	0.728969976055221	1.7742880986770615	-1.3186559038443697	0.8563933511116151	-0.2114026554559589	0.24298407657974833	-0.706492579400991	0.07096734578432194	0.43036496425595355	-1.313375195529726	2.184767665528327	0.6630679871206789	2.8392074628008737	-0.8587726798057557	-0.8362456016902682	-1.0841512630383174	-1.2389799663759866	0.006566909793364643	0.273244899377328	-0.5181732955861662	0.27961041624455346	-2.3712553617854915	2.799707557195584	1.4255069277734838	-1.4515657314247843	2.5570699741761085	-0.5825885417262084	0.5067654541758857	-0.1670461967963763	1.9008450457605266	-1.4513435883240566	-1.2743385626749713	-0.18849105615969572	-0.7111881374223539	-1.3321059532315722	0.9851287028116444	2.0628544968485043	2.74653289457689	-1.537351644858718	0.3002454565456984	-0.2728360169613579	3.590282990213703	-1.6390797833618302	0.18968235162877234	-1.7198255923463077	-0.20197807235279303	1.4955513421358524	0.29225558508857546	2.685405953787267	1.9940001145391266	-0.29478303342767803	-0.003785625660458034	-0.29106925999835986	1.1971511152145025	0.48806399666697303	-0.4645645481591384	-0.5055541133896849	0.6065606919545976	-1.4970800811286535	-0.2139049941471138	-1.1634803159257112	0.1527252967480351	-0.7258128996032316	-0.6145599793771729	0.9802640802111507	0.4079525885837419	2.1638850369689995	-0.16182355938309972	2.233325926987367	-1.9170568597724111	-0.8231059887192466	-0.6733336774474483	-0.09765971159934997	0.4092833393465416	-0.7749529825296344	0.010611434392534794	0.5864410706655642	1.8610218869162207	-0.19208984794349818	1.1399259453761243	1.5183499014779462	1.000051966583384	0.7853939244956818	-0.07854968827957683	-0.06971473901808917	-0.6689244018945432	-1.1741474638850504	-0.6360501574930446	-0.25968887772522603	3.9055489954139504	3.4716572241485117	0.41748113657893804	-0.14847313916813848	-1.2786519583114373	1.511916801906549	1.7073951307553927	-0.5019648331706806	0.6427105761878192	4.443272928595543	-1.7530012886624697	1.446130543565736	-1.403021578228584	-0.9225858839861096	-0.6077943971184524	-0.17011039504515274	-1.3254836155101657	0.0
0.24455097691977704	1.6912464811411851	0.8502989439749634	0.3161614020033316	1.886046549107166	7.094326005450317	0.0	-9.095191717147827	3.736934411856863	4.6854050961034055	-103.83189392089844	-0.04665979825872548	1.077868833823595	-0.6712019794304492	-0.0675730241396403	0.38041148738688735	1.464433816455307	0.20125186836698672	2.1131415452982765	-0.06160976224475437	2.2615031781741353	2.3969560564944037	0.06461824118141939	-0.5037594219726144	0.7010921450010661	2.329517143622802	-3.570639760626687	1.2915118838742512	-1.7041086591361614	0.41533478354966197	-2.1494367403388024	-3.618679384241187	-1.2419171274893663	-0.36757570674068274	2.0962409512679465	3.3887045638829605	0.8099676199437909	-1.415038376479693	-3.106375634504689	1.5088645366681668	2.491170675159456	-1.7675646009274584	3.523358119926943	-0.7481091227461014	-0.6207629918022958	-0.5727214586704669	4.063208900255908	-1.4324225853123362	2.716117897059633	2.6218446858366518	-1.1928829518065118	-0.10718076996919182	0.18065433296642255	0.6409622595108897	3.401618814000606	0.2280198417417705	3.6698049193417486	0.6811934774153653	3.3551828504046974	-0.4621400732809565	2.3671505322436284	1.2624281505577084	0.6633204581408665	0.8666502447921601	0.004841478876501536	2.184058488928713	-2.413295210035122	-0.012083897352869782	0.9682928431647444	0.6785502921859631	2.094808041042573	0.8081766748916422	0.5144982009803373	-1.5279889853175628	0.00021166886602129255	-0.6682560378916119	-0.18123990180743796	-1.9383407187237705	2.3758527721727596	-1.583444568472393	-1.5002208359210807	0.5331677547155702	-1.5794321065559176	1.779839407708899	0.6360273170430446	2.383301494129559	-0.2574072372999123	0.6497280577367003	-1.274174028376149	0.2837544815689325	1.1202845965161174	0.21353012745881952	-0.021470544419374116	2.1888143446428323	0.7618555276333785	-0.025439079198986293	0.8881141453215452	2.3773364479339687	0.18404299632382037	1.6907420441681562	1.1424305004421427	-0.15760409095130123	-0.43910319006667947	-3.539257860769504	0.5676059463238022	0.1363836653889135	2.9392768874054864	2.163746687844396	-1.8150274235980006	-1.1961073237890598	-2.7041224769907455	-1.4943178420564016	-1.545105337471395	-2.51164871100652	-0.16503241688013076	4.564940731525422	-2.78130700045027	-1.1895842765844786	-2.542750913520447	-1.8918667190770397	-2.730003751663544	-2.0111328727178663	-3.616811954123633	0.0
-0.17025737138710448	0.3917252761832274	-0.5901970554377649	-0.7051391372355548	-1.3652474821565	0.5607443749904633	0.0	-12.157442569732666	0.4333583646350437	-2.1724440732906602	-182.83070373535156	-3.948452416414452	-0.38307557473890486	-1.5073460795331832	-7.051033751864156	-3.249669953148408	-0.8107644744690449	-0.6607795778026566	0.9944029454964038	1.582188111902387	1.9976528922932735	3.4050845070963813	-0.470581567242834	0.06601359529627694	0.9170940883489775	2.6831785507108035	-3.6120265360231754	-0.3354525690032084	-2.901297538551722	-2.854027092374033	-2.698609011411667	-5.352100873578198	-0.9779088226231661	0.055004629167787575	2.6902702567947014	4.403884432097366	1.216498940873862	-3.0959459765606723	-2.759371457404147	0.3402031314932965	1.4208931054314997	-0.533195600885412	3.997958145118112	-0.7720173666025767	-0.7700403665957052	-0.32999836420169987	4.521073391629478	-0.8794340192181398	4.439614297978595	4.286669566826982	-1.566323440216961	0.2758116398583211	-0.23035097650439876	0.07244463287762656	2.274351466564706	1.3102107862383128	4.330667640167204	0.8446909349993416	2.184939772274126	0.2848793078188928	2.766569182048435	2.9466561786830425	0.4697643194732995	-0.4013781029101258	-0.5874939936903312	-0.0029651762451976538	-4.420605174656668	0.16109557012167297	1.7328989397095884	0.8391622201706763	1.9328781275481388	0.8440084668712935	0.9925480297454106	-1.0038290280814564	-0.4160954217234301	-0.3743004097538714	0.9003558982999957	-1.835069957386576	2.9890953939073883	-0.9800767191689332	-0.42124087272175387	0.6541903714749439	-3.0295353587026947	-0.6219351192363737	0.3847871092148125	0.34749073354161786	1.7870144591057042	1.9376716524362565	-1.1417872036917736	0.4211090367138386	1.0164368532877146	0.8916865425048078	-0.03369566564296567	2.6550818446990663	-0.7344636482601407	-0.5772014233873051	-0.0056181630798589404	1.9230388274532317	-0.7511928171030621	1.6845049194471782	1.1197345782954	0.24795119218773895	0.2228799722442338	-3.3723153390962146	0.9744404449705677	0.36914251848810437	0.8017429034181294	-0.24265265911817552	-2.6222933784962215	-0.9867693814691774	-2.573588941691904	-3.8865555265086957	-3.181207333255064	-2.9811493017331903	-0.4829733967967331	2.428895976394415	-2.4115674193125476	-3.017995137927624	-1.7473880936201938	-2.2150972040976877	-3.345593410955086	-2.631019797224503	-3.798825760850949	0.0
-0.4373573767946321	-0.5228973510319038	-0.5969417746198344	-0.4460040197318251	-2.0919231915093484	-5.848531416484287	0.0	-6.309186637401581	-2.2098101671371193	-6.974868722581144	-90.8153305053711	-3.7421546296948303	-0.5197164326207713	-0.8457515216324218	-8.477120879810625	-2.8967459947768464	-1.4562218415122183	-1.2209068076010188	-0.565205907660129	2.352057674251221	0.15921231186476306	2.9684904381514543	-0.7487857972870702	0.6410683498322738	0.6132186637709623	1.1439041934515302	-0.7255987127621969	-1.8847398530567308	-2.7291250713169575	-4.49667675624843	-2.1970266119241715	-4.458622098075155	-1.297298956789415	0.22072118627739715	1.5726003349307014	2.790641266515487	0.233413170921267	-3.460832047438168	-1.935068324767053	-0.5209836412135881	-0.34125177164036685	0.7539452294940534	3.141851342847488	-0.6577420765337562	-0.17668488114376477	0.4351813957998247	2.880972855677039	0.2634377965023593	2.7154726936568614	4.2478039654267725	-1.4961712730950432	-0.005837492408260467	0.4390285698640527	1.343229434594808	0.7153607910743567	1.3731021656654776	1.78674877286804	0.3481985941758237	0.611418035977027	0.08082691115020905	1.1106599776924742	2.3036816866724843	-0.8834871673721006	-1.0011666177593193	-1.1982328558622075	-2.150668009169749	-2.630169379162974	0.20563359421202565	1.5595750431330273	-0.05963689668128669	0.7521647902054561	0.7447447186502312	0.6822531939476557	0.2601418767910485	-1.5755801768234325	-1.3861478614519434	1.4399268202623035	-1.3407364417226606	0.9737191217962433	0.09728196001536138	1.0612982633140158	1.091144886452797	-2.905201463787644	-3.211861599171498	-2.041631821077317	-3.3133858816054103	3.0658028610318686	2.509594405374744	-0.07107149443383944	-0.3514457093626261	0.019986684002003683	-0.1265786939936622	-0.42771538432677897	2.1436687679549236	-0.6310268595752095	-2.239341759798117	-1.9922578278928995	0.5302223723736548	-1.927148385724025	0.7766469907405418	-0.14382089847757218	0.265779462325704	0.01924706613168	-1.5300908489917644	-0.5757227263573943	-0.6187010282746783	-0.5328152162688119	-2.0104640716314317	-2.4440752158391064	0.05758141350195306	-1.0085448037478721	-3.5100357031646685	-1.7746024117186352	-1.334843599783667	0.2115788562875241	-0.5856905460357666	-0.4365026562712913	-1.2962284272909164	0.4270985140292733	-1.3929391433555407	-1.3620409784680194	-1.395038362293105	-1.4307835718616844	0.0
-0.42456869280494386	-0.7771810637458282	0.9047885724323821	0.5760187987983226	-0.06807031847060994	-4.64994323679379	0.0	4.01477324962616	-2.632296097361379	-5.315883484379999	91.53705596923828	0.794585365866672	0.6024784894892946	1.2820397817941254	-3.578616347598848	0.9060354806056403	-0.050426076358509445	-1.1071058596660208	-1.17338053615822	1.8070736448547837	-2.0369960959406868	1.715665993788255	-0.5372271751225144	0.6617166308704951	-0.20901751565779078	-1.2679624076609732	2.7375308719774085	-2.5591796456544595	-2.3954226410152453	-3.7267725490861467	-0.921174658998847	-1.9185376490902486	-1.7263111667989781	0.37619361017850483	-0.15470309100061846	-0.2617291325347169	-1.4729556578822667	-2.5291135389479282	-1.711161589374145	-1.3638003102809417	-0.9755299161387305	1.4502803976073915	0.30965616728931555	-0.5284070954658091	0.38287463285579754	0.8798308845537696	-0.5092575514720659	1.4452631188526985	-1.1701621358935166	2.5704543093958145	-0.4121473553530567	-0.28818435783475815	1.4602524934493424	3.3337213432058594	-0.5023001813226275	0.4608879297409294	-1.931003213452641	-0.11967363568684984	-0.570351102601682	-0.2997427096702909	-1.2440613717445974	-0.0003295350825504922	-2.226259572741886	-0.47977431526509007	-1.6414402984886718	-2.8026645350037143	0.6852384515569927	0.019569581573543087	0.04212416276674379	-1.4249059649064855	-0.8047605716510097	0.5622133293949418	0.01881824131799346	0.7417749754503506	-3.1510090345428106	-2.7084341947597883	0.5827327897759522	-0.7110238079518333	-2.0660389589123866	0.7024102569216122	1.2934408389470156	1.1049494880505584	-1.3956882619747408	-3.5933065059294034	-4.785977299282835	-5.789783288707312	2.597202185139382	2.3255316780541433	0.8592979952187861	-1.489585429791361	-1.1724977581533644	-2.0665995411137574	-0.7640228890248355	0.9036862940107168	1.051126767435119	-3.6778780300286598	-3.7282552104965547	-0.9042864078110009	-2.7172046230633313	-0.3692048192024231	-1.3409306794560745	-0.021509524557616684	-0.7274161313517356	0.7719307240944554	-2.786420118449063	-2.07124990472863	-0.4060934782028198	-2.235346540659666	-1.5350077932764743	0.8442894956935638	0.6485499012213881	-0.8098048537683028	0.894038778137077	0.9687037813840276	1.2567628398328088	-2.6068822233875593	1.7387208805397847	2.307720352193484	2.139730382365761	0.10908820479402714	1.6545486130302975	0.6924306266070283	1.6293831588966505	0.0
-0.32777151717133257	-0.6341741693425266	2.2739506818523463	1.1018465637280181	1.1347728252727936	3.4775389411619733	0.0	7.813309192657471	-2.2089679125282498	-0.7858188876817966	176.44699096679688	4.756916282052289	1.087220454728231	2.155949974134781	2.216350257396698	3.6257704240550477	0.33426314562795656	-0.5419154850183172	-0.4352668528445065	0.693505232863956	-2.993234462388184	0.21058283978826786	-0.1061072453033563	0.06262424937214213	-1.1834556961689016	-2.8934557601152098	3.974453423586157	-2.160615679247469	-3.0171274788928835	-2.2158013525936338	0.2545676407814026	0.30949556836976283	-1.134332075178849	0.4951449414774617	-1.2753128617374394	-2.865446854467036	-2.623860375784716	-1.283286038502727	-2.5049141890886757	-2.4302933583149815	-0.1571626282718956	1.946660276853304	-3.6374387461416826	-0.533446168011243	0.4390015209434329	0.3229240636915119	-4.2748946183818886	1.8412229892989946	-4.418986193157039	0.016026613319936756	1.6218980048608331	-0.1559503302865085	1.5040499534301872	3.7896193931039597	-1.6066598536333803	-0.9928892893390731	-4.0939476748251105	-0.02529975245907853	-0.9162446006255991	0.20135170240080197	-2.5425826936206293	-2.251676920165376	-2.2158232335557884	0.2376969728837681	-2.201614099749022	-2.110873797078966	2.0623536873705337	-0.3997610448313784	-2.2353537140274184	-2.273217651533529	-1.8822767454375688	0.25882647467994363	-0.3709082019694116	-0.002956123458682944	-3.5865946095141155	-2.639885659255825	-0.7250029836483554	0.13352335029739446	-3.5082368113407316	0.7581144261918242	0.3628803594403115	0.2814440702603868	0.3112664947880028	-1.3580776310674412	-4.6919928129910575	-4.798460066109617	0.5708344677369371	1.6968263800848613	0.5114360346885051	-1.7214558253358119	-1.6437395882849133	-2.772415544565131	-0.38069335583029484	-0.553571338971368	2.5011647438802638	-3.1047003756277265	-3.1987946803603218	-1.7278284767758607	-2.356466562358607	-1.1877102847969117	-1.2217622960525003	0.008410446755178682	-0.6289042952325198	2.8353653040845037	-3.193808357610271	-2.2760237043487352	0.11688170883627165	-1.479837937951088	0.26573856570597354	0.7634892457935041	1.0871126860710643	1.623132016742602	1.8228960335775688	1.673958778305579	1.5069087582081557	-3.0779667579134307	2.315034489645514	3.738309485138609	2.0292428417855666	1.167657694490062	2.8643466158570186	1.8223900977649132	2.6971048135975644	0.0
-0.4018840148886945	-0.5318489977980361	1.9426287979349963	0.3710291803357276	-1.3572098587421662	10.297362880781293	0.0	0.8195125758647919	-2.7052476120491824	-0.020485150916823024	73.48470306396484	3.5156183672270607	-0.45747833140194416	-0.22717439012905194	3.411473362730239	1.7369435573198708	-2.5140033925651872	-0.09920058194694428	0.6538600572475843	0.13195873973546204	-1.9364405461195586	-0.9471376119625001	0.2306568483112892	-0.4549573562437236	-1.5941190405138608	-2.6509902911691787	2.5518882671836765	-1.2584464990698072	-4.328469820508964	-2.0729683762312763	0.44925953125953677	1.4167805570590346	0.42782065248342627	0.45811670836299023	-1.4011562661529626	-3.7380442587802043	-2.4427322108276712	-0.5391864095936003	-3.570297023985121	-3.467425494678745	0.8676829708771955	2.387599756853466	-6.392321857417305	-0.6628331693856022	0.09362495829014231	-0.9414426147693185	-6.494191220243287	1.145520856633546	-4.842403744102309	-2.1247991683466414	3.4464251077270998	0.29396735227090265	0.24904237665674267	1.6631709080164796	-2.7728948538201026	-2.1393781109526753	-3.5087688420740464	0.5430042077833632	-0.7720367559779655	1.5491974224030172	-2.081438236447907	-2.9930581318827847	-0.7785296796382158	0.059713022201655586	-3.0979128939052707	-1.2381601580418646	0.39951564977669346	-0.7725861289913291	-3.850390698252754	-2.0624760516964327	-1.9118620657135506	-0.09816477056500264	-0.3054942804556915	-0.9334066907507838	-2.100352083879804	-0.7569759359195976	-0.9845204956253015	1.0270793171189094	-2.3765455406115334	0.6446092432206605	-0.38757952445131894	-1.017493452184087	1.136104296547947	1.338152712392204	-0.9737399796722457	-1.0587289385219043	-1.7196640545408504	0.8741461995629255	-0.9377814450506436	-0.5438676123321057	-1.0989156310266737	-1.2823335264299047	0.5192127221935364	-1.3269816520994744	2.274882336593225	-0.41622512486064805	-0.11579130297509309	-1.8338196864999803	-1.0462522623494073	-1.6225125431191436	0.035999509194405026	0.3503211176657415	0.7504937014670545	4.076716476016575	-0.9754738424936759	-0.7594610143654014	-0.26233116019339786	-0.7675674398243427	2.547888574055557	0.08697662528127573	0.18997421243818857	1.7508794500687286	-0.026102289817966782	-0.08376345244252076	0.6047162150824442	-2.8605400132449965	0.8288802535078207	1.322897357333165	0.4084989897630833	1.0520815116258084	1.1535514795602213	0.9779074917450644	0.775226095465145	0.0
-0.6239530519540041	-0.5915607822730261	0.1765100544618143	-1.1647127598795024	-5.6383995876667345	9.428504564932414	0.0	-8.423997044563293	-3.518764007008738	-3.818738689710354	-105.22501373291016	-1.8127466392038123	-3.0013096609385683	-3.9863469096436708	0.322513540384128	-3.207404137196311	-6.265399409940949	-0.16790811713602577	0.7402261078714218	0.5006088624949808	0.4373329130635745	-1.1007715816358252	0.48585534393467467	-0.093654546504511	-0.964527051433407	-0.8209782672221354	0.36932247678438823	-0.7888858462811241	-4.989983135813407	-3.343108996335003	-0.47096521162986754	2.006895338385543	1.4489486167546024	0.35926841254881087	-0.9121567850908496	-2.8552189701409563	-1.2657661677221768	-0.33489221366851224	-3.774427463750665	-3.827834951698439	0.8042126029538803	2.0187060067605604	-6.04864910233931	-0.7048932084192833	-0.3488330671469525	-1.824207938748948	-5.961189636992196	-0.06802644007026203	-2.4257063672911783	-2.7009680159879568	3.5817547965555163	0.7074005380531566	-1.098264467492434	-1.6103829577540523	-3.3091971434351772	-2.1235206349473446	-1.1868670704901556	1.0272536967785106	-0.9945181280593661	2.5324149884583567	-0.635990061627633	-1.9554118562217166	0.7448690739171259	-0.8141912922348539	-3.7695396317423677	-0.7829865639723721	-2.144504811093597	-0.6769152425013505	-3.6420100438126335	-1.1017192983630602	-1.014128800909463	-0.2887724808930875	-0.07368693268723464	-0.8711461401416347	-0.009637639636085146	1.451916711898244	-0.07524229621603376	1.371179895380796	-0.16594791191027444	0.42527643079117916	-0.23480450306270345	-1.9808671512017566	0.93657719615906	1.8922926710940289	3.4203872271305458	2.2281890172406893	-2.9692370325541324	-0.008537211895666339	-2.0876292895715114	1.0306787146925926	-0.13849711223030384	0.8851326253583155	0.8683708280575214	-0.7622425742777048	0.7932085136906439	2.340981703714715	3.2443261555979186	-1.462594633046947	-0.05967148337791215	-1.7626537947460663	1.0640593890087737	0.16070176288485527	2.037973709104487	3.693499300107	1.9676883182392038	0.9306696058543915	-1.5240148240522968	-0.42214634984731675	3.82556920823609	-0.5648033977331708	-0.9730491452319647	0.10899153731476802	-2.82799180998252	-2.7738486841636694	-0.6094167954660952	-2.8377430838346482	-1.401892984751612	-2.3244657635230284	-1.149394985564329	0.204859172859208	-1.5518505547161738	-1.1453851984160675	-2.3765062645077704	0.0
-0.7033335653383179	-0.5988368114826325	-1.2550817054364232	-2.3379856717586516	-6.674458246281806	3.2368301898241043	0.0	-8.140096664428711	-2.414362848529385	-5.919015868727503	-165.6920623779297	-5.395268905866055	-4.008154961559922	-4.818455623592748	-1.9890222972835683	-6.206162900989314	-6.165189546646264	-0.6706052946771001	-0.5189890273904894	1.1303551522669968	2.5389093086123466	-0.05034817248661682	0.8207794257141081	1.081601860137501	0.33283652704658695	1.2483573514426087	-0.7843617315645571	-1.3248857624523092	-4.0615567697076065	-3.9637829840183256	-1.7495627358183266	2.659776753639873	0.7275491373500589	0.40532070773832024	-0.33445796699866714	-1.186365679142432	-0.10305289445750532	-0.28706500373537774	-2.809320124104205	-3.068205965802834	-0.38768431773552525	0.24255896996760715	-2.986927668375922	-0.4491751910293404	-0.7399999402637379	-1.5091820750526632	-3.132078342518564	-0.9029827346389611	0.9324904813936455	-1.463328473478834	1.644041073993284	0.8224646223797685	-1.065707892206051	-3.4000689986821833	-2.365512973459607	-0.8292370018799556	0.8408937352069188	0.9055997301078714	-2.0215632170438766	2.0585057354413423	0.3496206411804889	-0.08377123092551057	0.9390456677767737	-1.116136714842779	-3.2156884550458664	-0.2564044547325466	-2.700478384126499	0.0338552648354229	-1.7525168222638619	-0.1533470741239282	-0.01500629835032128	-0.17076715173444737	0.04381903156007909	0.13641575508571546	0.6177963020782622	2.0824213454887124	0.6291763704954362	0.8076665344000873	0.9607826981583939	-0.13919933778899057	0.17101267597400674	-2.053812728502041	0.3115389202401121	-0.1445114164964698	4.654849420994816	2.3731982253631143	-2.8124111788414363	-0.653822534057227	-1.7796808160462623	1.4822865444123745	0.3533441687475149	1.3852638224162526	-0.030172545770881097	0.7166717255537489	-0.41489381900354594	2.9238383261545096	4.032295632759266	-0.9153918215779813	-0.4725453596728951	-1.4457273487824687	0.8705722527377281	-1.0924213259265974	1.5597156550712643	1.4369100332755038	2.977426698855285	0.9105774955058846	-2.4505311774710816	-0.14887236328795553	2.7640683997422455	-0.8535199460035005	-1.2357283947809088	-1.038752746159354	-4.033228707011347	-3.818462509213615	-1.0096643481752836	-2.881653082172076	-2.5327963157919733	-3.3817095198654212	-1.3159703258424997	-0.19768842498976455	-2.290567183354304	-2.7644965021883126	-3.8533230666470315	0.0
-0.4432539983014578	-0.43976665953763155	-1.0942350254048938	-2.37503135799007	-2.1573892834972828	-0.8401941103594643	0.0	2.608990490436554	1.1741312161708872	-1.2730711595765476	-46.17906951904297	-3.263574231465404	-2.2557846650946884	-0.9144833817818138	-0.1857466406808211	-4.3050962074334365	-0.7888299872083638	-1.2344907250489805	-2.1604474415617005	1.0678688778369516	3.2130016830844292	1.5301917198079604	1.1424144420775901	2.0809164361633137	1.2908377067507084	2.2805875990735855	-1.0342602771741372	-2.556806727868751	-2.0231971323615716	-2.277759622975632	-2.4422189162969588	2.889899692981492	-1.062776878810396	0.5411877403471698	0.05540444688719613	0.11486153029815643	0.3187807385402266	-0.24028755222578815	-1.4581230736441082	-1.4775211954532006	-1.650936393146841	-2.0720986789598577	0.29620116163650756	0.06584788064319122	-1.0384403579371912	-0.300660381432284	0.22896338645684516	-1.0112340108506264	3.1345466829323576	0.7937141647823504	-1.0965033276387823	0.6238388811785077	0.41455316274973053	-2.497600802547292	-0.28934112928732475	0.857209696577629	1.238708800890229	0.08233319414296865	-3.2038304299468803	0.33135732358334047	0.00811510304698632	1.2159167728954698	-0.32625960404502935	-0.23224782950130096	-1.2695904386986931	0.8615704395342618	-0.7774889039097672	0.9765411910224905	0.48586094490548765	0.3006458978295851	0.13941477811140185	0.09133929042053171	0.07306683241453509	1.0088540005984656	-0.5301866155295145	0.7854708223465351	0.07733681861336539	-0.15580292871829626	0.4553290297189618	-0.9401809458538142	-0.04915143969450511	-1.339009302244945	-0.199901700709705	-2.699476612637595	2.0543329017871823	-0.40378754387531324	-1.7659082620290758	-0.6115642205219377	-0.2941421697200355	0.45707592683658005	0.07323780333387105	-0.24741601539710423	-1.581369292462673	1.8135374112598663	-0.5879896035527482	1.1768206772394478	1.6426093302249352	-0.4268693571412192	-1.91131919240162	-0.5669327326292215	-0.11952545773562447	-2.612079972749228	-0.5716660156484563	-1.4945940106459286	1.4282327013507743	-0.8788325946008515	-2.1156032504070375	0.11062850832939147	-0.07116858432519024	-0.8039427450129771	-0.41608242153800945	-0.36500980499057245	-2.974841413465882	-2.1000300344442793	-0.3859659975022078	-2.308040784498056	-1.8327048047294103	-1.1378937273854928	-0.15346041892620702	0.4444373995630127	-0.27971256462487615	-2.618199932673196	-2.3799473340490036	0.0
-0.016391592943277668	-0.35217241491465007	0.09336451980304884	-1.4663184369152242	4.359695963085966	0.4889815364565168	0.0	12.760412693023682	4.674993640018834	6.757640543490134	119.11466217041016	2.1895374498273035	0.7161003528744914	4.485549525292807	3.340875018614954	0.37355680225125276	5.65475363859897	-1.5305629871147393	-2.9056940479808873	0.09936982317379227	2.575825400421045	2.544834157333724	1.098352043894795	2.023993592935078	1.2557624866029826	2.039330297301815	-1.6576765777060278	-3.4615824221375773	-0.3077566265913375	0.8551406560396707	-2.281775639772415	1.7986486012976663	-2.068793543346339	0.4237222345644965	0.19577189120204216	0.4648965505411115	0.07604511865793029	-0.38420283654261805	-0.6480665269825193	0.041944364316846804	-1.9804707795309906	-3.0554812943049963	1.4530626519037217	0.5446009487070866	-1.1136782108969145	0.6857782940878862	2.3893084259609045	-0.7893893474506007	3.4148578455573633	2.8466418210338698	-2.7356668637727783	0.30530313890619526	1.849009451873938	-0.26295550107733895	1.2974080790699734	1.7682605126686395	0.16864453747191213	-1.056041613694565	-3.2759478491566636	-1.358816393494806	-1.2962880535077315	1.0803515851631103	-1.9134060224068576	0.8031805679949273	0.8037673373230927	2.0372676205879543	1.4572575598028656	1.4930036702925957	1.7312856785896602	0.3436150399533137	-0.7361837660742773	0.14975012904009954	0.15177639884764393	0.9510562791395079	-1.5984713957896308	-0.9766971428756427	-1.1021605726002024	-0.588826058211468	-0.38672307749443197	-1.3498930137777074	-0.7160464489522079	-0.4178912456124282	-0.5488321003282354	-3.3584720703378204	-1.2528378353030845	-3.446776026738024	-0.5137218573539377	0.21280184970660643	1.011726408612804	-0.8612814909815788	-0.4951103008875586	-2.0681459663106447	-2.5037544415325157	1.654324943512942	-0.3939384255213898	-0.910675545502454	-1.7167695515275558	-0.1264387798178327	-2.86250630957283	0.38862016308121383	-0.7146682530180762	-2.8764930956352215	-2.387847758146791	-3.0718654018336378	-0.810242544692652	-2.624368151116399	-0.897527111853872	0.003811172507703304	-2.311623246942101	-0.5359694695857474	0.6230750221719024	1.1131765173676496	-1.166593583678449	0.9057379082681896	0.404049722335767	-0.9857462491902212	-0.13582571292685908	1.4829213576434324	1.1009123552659597	1.4366030659699445	2.26125670567547	-1.0410565770739182	0.5737213117735727	0.0
0.20492368297632696	-0.5944372648921084	0.7819095712441665	-0.35903620557351545	7.084101948570064	3.147613395537649	0.0	12.702868938446045	4.9738871155099735	9.847084792523548	157.69639587402344	5.080015262850674	2.260074925515801	6.316380905463945	3.641428004269521	3.3890603529401573	7.6595897408468385	-1.4386872919463598	-2.3196627992292633	-0.9990938474182729	1.5925447162024784	2.449429704842192	0.5321477648059176	1.0993974245708398	0.5956939720259659	1.268045467315905	-2.985560645852928	-3.1225127478025425	0.12878783825743065	2.8867728378554736	-1.7856871917173267	-0.4895881076072213	-1.399555076365218	-0.08913069699910726	0.11315483554734053	0.10201081567827393	-0.2440845201999764	-0.8074391331275642	-0.455122046599475	0.7270363816664419	-1.2794076097635632	-1.8353103445977836	0.4072179444721473	0.6900175334610642	-0.808446211073591	0.6904956044422256	2.7326417237015095	-0.7563095179290348	2.411793492191475	3.7952769468494942	-2.393799905684281	0.1020230802869986	1.781047902551081	0.9829166939494428	1.1206448536984754	1.50270467184484	-1.1781572251638863	-1.871653659770457	-1.6804921705933178	-1.8983118664848324	-2.363162243764858	-0.19954241611199772	-2.61426751366977	0.500088567912237	1.4427287623339848	2.1318228601739975	1.8105528093681433	1.22569443959551	1.6676233812997288	0.26717693363583034	-1.7300691194328908	-0.11421541236953407	0.2405176189726522	0.2381839834734661	-0.9364603116871819	-1.5950994073311882	-1.4501320344655693	-0.23789145618231208	-0.2628596615605056	-0.9344810637632838	-0.9149704410091919	0.14498963027669132	-0.8788003084993867	-1.7417973677685723	-1.8731288339265368	-4.2490683172211465	0.5350622975622579	1.2189741589806296	1.1372266234987873	-1.1360182563066483	-0.7036147635317372	-2.017649374379799	-2.2179875859957026	0.6893764808773994	-0.7188370037479561	-1.4004586285009282	-3.282499837123345	-0.0065403859891788865	-2.2932293022524064	0.6442953730651806	-0.39025437371084915	-1.3529551060317637	-2.2017676904082117	-2.3257197140207615	-1.6103414966756928	-2.707681785122491	0.11645837912247295	-0.46800504308193924	-2.102933748939942	-0.14844009043622355	0.9158305059717868	1.4315266565849574	-0.31947065190366514	2.6079553234185706	0.4575166703388095	0.4071393959472577	1.1361546292467866	1.586387877452832	1.3050279756663021	1.568898206994742	2.62442891794419	0.5092579366324784	2.4349457699273316	0.0
0.08802370062228741	-0.967543055796448	0.35104897347205827	0.4033453166620298	4.369389764508827	1.999142553125109	0.0	5.658387541770935	2.125996492544396	4.864634107300562	52.09188461303711	2.821500476660701	1.473213251993002	3.211721967256	-0.46418229216322077	3.002378815717726	4.463247962769062	-1.0078865005081141	-0.9928300570463762	-1.2137962047700528	0.9236870003945153	1.6184205769871671	-0.191579629258761	0.2941578685569417	0.20733516700565816	0.7937699888628149	-3.634014190899001	-1.5419894086259296	-0.2595899147400109	2.414626727225604	-1.5040360327661038	-2.450774236759053	-0.07316893175470107	-0.5634086181191688	-0.0673510464399957	-0.25269346649661595	-0.18797593616181985	-1.145066744985145	-0.22815864708067643	0.6470338688587471	-0.26999709118380505	0.3369074637117539	-0.835330672727283	0.4500382152712169	-0.1998377999332498	0.07479477029133852	1.8023076478897009	-0.9536312970791071	1.0696235499985758	3.34673750166407	-0.8770625574775693	0.041873193519663	0.37131196058582705	0.518829718207484	-0.24090697345408527	0.6438239420903846	-1.662305037067695	-1.8629003046173294	0.622259315705913	-1.278037881591176	-2.216300410288973	-1.4144072152444207	-2.1460041530515954	-1.059562152288961	0.5434471437399336	0.9050826922466513	0.47822081405244804	0.4452917819569289	0.9254162874974715	0.13483147301387025	-1.5906323833592437	-0.3676363340065937	0.20573167223258115	-0.2873793032122861	0.740804878640033	-0.9461995393203775	-0.5661731920882959	0.15771083293213328	0.5753479037899524	-0.10737519041351025	-0.3537178255763708	0.1799785651051062	-1.0691404164123235	0.36672421820200835	0.1935976609079675	-2.4822850394471785	1.125095903605437	1.5782897898715667	0.34239597536497196	-0.3669908795952797	-0.44011047351246524	-0.29598296531646445	-1.2881361989771287	0.046379531840835	-1.304166774163727	-0.3335237464052625	-2.286549478717079	0.04471112312851371	-0.7346898987333277	0.16548483177672985	0.25718534047283775	0.6995247629481357	-0.4560054682416093	-0.37183676872420424	-0.7979601429839587	-1.3636579251794325	0.4579246335751599	-0.5359836529381573	-0.14544056674529765	0.20736698170911996	0.37038390719712344	0.13714877692445254	-0.5164749639017598	1.8940486334137998	-0.17394172178464942	1.219886767230928	1.2399108101029035	-0.3469769397922433	0.4760009114182106	0.5516057155014785	0.6078559514535742	0.9483530788150217	2.0937712157012096	0.0
-0.07888964474436572	-0.9165082537514322	-0.33123676034612126	0.7639401712742718	0.36751126862586814	-1.9512487181595393	0.0	2.650869131088257	-0.44695879529333776	-2.033548311426722	-54.230140686035156	-1.2060222397952778	-0.03361781882122159	-1.1044386032411049	-4.642902489921768	1.5076285191104715	0.6234197581098193	-0.3842117625803172	0.2385254329892632	-0.26415352076292037	0.31855651390725287	0.706750463733755	-0.46467370247354606	0.22671879178872614	0.4173956357697346	0.8127865525418114	-2.020978571571134	0.316216432814993	-0.10369077358353004	0.6906287039871569	-1.296547810316086	-2.4194771096322545	0.3422300222640236	-0.34415501756395434	-0.12193783861884744	-0.02509948500849273	0.22514362122456077	-0.8094456030066004	0.41928858982606065	0.6022956984060752	0.20732249016276535	1.371553559018218	-0.4358622235580912	0.00717594091415028	0.3491597321043688	-0.15698583978181235	0.6174848226956644	-1.0664162895390912	-0.2609530362664196	1.6874731885112613	0.25970134609760115	-0.18831534314131926	-0.8251670350248215	-0.17438623471962694	-0.8807510224951789	-0.05761307190172374	-1.0089132607575844	-1.016956502827545	1.8665571684319087	-0.35065120506731656	-0.9275570389728586	-1.4189540699987513	-1.0407033296002226	-1.9921982612855798	-0.3110576940955018	-0.38993587240111083	-0.46832460131727816	-0.20947653901556998	0.2017748170306511	-0.1774425098184283	-0.0004202042882506912	-0.1352036078610728	0.12463562044389878	-0.147485628997514	1.2966183325837528	-0.2102141982073536	0.4537512499357567	-0.1378648042327614	0.837507886939189	0.2713990987217392	0.2136415037487442	-0.06550262129503834	-0.7860265119893171	1.1147863145225503	1.9426381578880616	0.22014896926757332	1.0148971851298707	1.0862908573313192	-0.3428784219895379	0.26776185515522954	-0.12752015983567758	1.01207648246356	-0.47729980279041756	0.1104932850539948	-1.0725467996123959	0.701088270789478	-0.1637570745546684	0.1296080215646452	0.41770040888839693	-0.012315528470004887	0.45470270779282373	1.420938993712048	0.8775088689515914	0.7893520315956091	0.11884364376551118	-0.05044132231749997	0.6363648370795306	0.5114284671843052	1.0580276716372063	0.3842976964762991	-0.16797926975914867	-1.1289805104024708	-0.4473104486567574	0.12475952012701182	-0.6284730538725853	1.56812690962106	0.4713970785419088	-1.3136929735369407	-0.3567497125585322	-0.5814497584378291	-1.3819578159807875	0.5496708321832604	0.6856678701005876	0.0
0.09181163900408601	-0.21150962844326654	-0.18625754799850128	0.8644807205281474	-0.06474775603001422	-2.9943040822233473	0.0	7.429410934448242	0.1793591970215655	-2.8419687742816993	-37.15280532836914	-2.0634236583847323	-0.2192817203234881	-2.166006125899595	-3.9811217295677226	1.6879211027758667	0.5196862131007332	0.23112159386485606	1.0620654262165772	1.179715995490551	-0.8198012361923853	-0.10487987350169865	-0.0489816073015446	0.5170244477275345	0.6387018131188534	1.0338035775954049	1.5731647071187143	1.3617674262010941	1.4390512695012803	0.055544724618947064	-0.518106019999832	-0.19370210189608078	-0.3722473321778869	0.6581112147566486	0.09864032651445641	0.7839556701430773	0.6555344890730339	0.41659670586333325	1.0660993953338929	1.2501069532550928	-0.14737788944417596	0.6409131840843222	1.370598869673504	-0.4290800904108502	0.5009379984977644	0.4617500286737476	0.006781064731589818	-0.9403619267947746	-1.653821341572744	-0.6345016148058854	0.23274077215008657	-1.000921485428181	-0.624026039980498	0.5830920248397238	0.30324916475725294	-0.48175354569684714	0.1360242272917689	0.14166189975993232	1.1421913480495705	0.11765426934865497	0.49885633662969125	-0.09839986823499203	0.12822671551471468	-0.7307504927092379	0.37026924505937014	-0.29154071619268507	0.2604985914815584	-0.3132617309473598	-0.3230703946501675	-0.6131356651710125	1.9635353203158121	0.6276779943018708	0.28711326403927595	0.5302169178057154	0.12017723353254417	-0.2833372380971761	0.5392186592022578	-0.7818066593608819	-0.031900184548953	-0.04846731151191654	0.09574755047466241	-0.20969704999626915	0.043119944809448155	0.5625781968221474	1.1803214236966928	2.0082637523518545	0.2427608647363649	0.3341213618489829	-0.2738605626558853	-0.05672013385593891	-0.12140720621588766	0.5386748754010513	0.20199517906915387	0.12486054878517062	0.272374423361626	0.6332263981480537	1.3734233111630534	0.2746203863181365	0.5150591344920112	1.0164799049706383	0.2708326625696121	0.285290956353912	0.5844545744772438	0.39958205311626627	0.044040394834531794	0.4558486134576843	1.1634366528796298	2.2293005378544333	0.07505592955597516	0.44870641011903634	0.20003529038200135	-0.5878050736456106	0.8791411777671713	-0.46537607324830554	-0.2976274109026417	1.998362486064434	-0.4618680927642556	0.45183057779876085	-0.30310081007579964	-0.60657367037581	-1.1213336238441498	0.46280922703203053	0.009740936862570899	0.0
